# new_prof_[0]
0 0.863011	0.000148869
1 1.46904	0.000289512
2 2.48393	0.000642778
3 3.35787	0.00121449
4 4.23305	0.00220384
5 5.1237	0.00389909
6 5.99266	0.00677114
7 6.83018	0.0117292
8 7.63911	0.0200839
9 8.38797	0.0343167
10 9.21619	0.0580403
11 10.0327	0.103291
12 10.6515	0.141073
# new_prof_[1]
0 0.73263	0.000145729
1 1.52162	0.000284431
2 2.70154	0.000644992
3 3.74667	0.00123152
4 4.79539	0.00225953
5 5.86148	0.0040236
6 6.90717	0.00698617
7 7.91968	0.0120959
8 8.89839	0.0205689
9 9.83775	0.0353153
10 10.8247	0.0595503
11 11.8558	0.107697
12 12.6978	0.156031
# new_prof_[2]
0 1.17305	0.000249686
1 1.34434	0.00043798
2 1.96706	0.000942352
3 2.43425	0.00172856
4 2.89697	0.00307195
5 3.3706	0.00539861
6 3.81959	0.00939146
7 4.24135	0.0163556
8 4.64634	0.0284728
9 4.94159	0.0485136
10 5.39177	0.0876236
11 5.70133	0.144533
12 5.76736	0.217364
# new_prof_[3]
0 1.02045	0.000192821
1 0.969635	0.000282865
2 1.0881	0.000545076
3 1.1575	0.000930571
4 1.2203	0.00157645
5 1.28213	0.0026625
6 1.34154	0.00452085
7 1.37549	0.00756347
8 1.43495	0.0128822
9 1.49354	0.0226006
10 1.50006	0.036422
11 1.59548	0.0637146
12 1.44976	0.090523
# new_prof_[4]
0 1.02992	0.000237852
1 0.946934	0.000347422
2 1.0457	0.000669363
3 1.09509	0.00114126
4 1.14018	0.00192866
5 1.18728	0.00325269
6 1.23959	0.00549988
7 1.26477	0.00916727
8 1.28081	0.0156566
9 1.32759	0.0267834
10 1.30988	0.0450135
11 1.49037	0.0776505
12 1.29286	0.117339
# new_prof_[5]
0 1.01039	0.000238321
1 0.992226	0.000356119
2 1.13016	0.000694618
3 1.21939	0.00119471
4 1.2997	0.00203906
5 1.37655	0.0034723
6 1.44278	0.00590957
7 1.48681	0.00994744
8 1.58975	0.016929
9 1.6588	0.029701
10 1.68477	0.0489533
11 1.70431	0.0857295
12 1.6099	0.12908
# new_prof_[6]
0 0.958536	0.000126996
1 0.989024	0.000192591
2 0.958992	0.000352065
3 0.946653	0.000583133
4 0.936037	0.000960183
5 0.927586	0.00158605
6 0.913125	0.00261712
7 0.911852	0.00428751
8 0.905159	0.00714365
9 0.909962	0.0118313
10 0.899585	0.0196853
11 0.859225	0.0299743
12 0.948625	0.0511556
# new_prof_[7]
0 0.992306	0.000228604
1 0.948359	0.000341564
2 0.948387	0.000629007
3 0.937	0.00104304
4 0.928545	0.00172329
5 0.919596	0.00284527
6 0.901933	0.00469566
7 0.886816	0.00770717
8 0.899403	0.0128055
9 0.860343	0.0208653
10 0.87872	0.0359253
11 0.791228	0.0546499
12 0.874657	0.10093
# new_prof_[8]
0 0.942801	0.000142518
1 1.00864	0.000220416
2 0.964279	0.000398867
3 0.951461	0.000658838
4 0.93977	0.00108082
5 0.931624	0.00177991
6 0.918501	0.00293725
7 0.923178	0.00481229
8 0.907901	0.00794141
9 0.933494	0.0134601
10 0.910458	0.022128
11 0.8923	0.0338237
12 0.97827	0.0591376
# 
# new_prof_[9]
0 0.861181	0.000148614
1 1.46423	0.000281892
2 2.47923	0.000640964
3 3.35233	0.0012136
4 4.23095	0.00220945
5 5.11526	0.00391338
6 5.98186	0.00678321
7 6.82204	0.0117662
8 7.64249	0.0206273
9 8.43814	0.0350693
10 9.14538	0.0570848
11 9.84505	0.104758
12 10.618	0.174604
# new_prof_[10]
0 0.729409	0.000144969
1 1.52694	0.000276461
2 2.69213	0.000640876
3 3.73541	0.00122695
4 4.78559	0.00225661
5 5.84197	0.00401675
6 6.88707	0.00698092
7 7.89695	0.0120972
8 8.89134	0.0210788
9 9.84344	0.0359022
10 10.7419	0.0590634
11 11.5868	0.107486
12 12.5486	0.175512
# new_prof_[11]
0 1.17493	0.000250367
1 1.31524	0.000432832
2 1.97296	0.000944767
3 2.44105	0.00173472
4 2.91153	0.0030962
5 3.38621	0.0054499
6 3.82847	0.00946324
7 4.26475	0.0164044
8 4.6709	0.0292252
9 5.09443	0.0490742
10 5.34757	0.0841014
11 5.70154	0.160414
12 6.02531	0.274501
# new_prof_[12]
0 1.02226	0.000193488
1 0.947899	0.000279902
2 1.09155	0.000546792
3 1.15936	0.000934599
4 1.22469	0.0015816
5 1.28139	0.00269462
6 1.33844	0.00453294
7 1.38604	0.00760881
8 1.42554	0.0132535
9 1.5066	0.0226108
10 1.47364	0.0345563
11 1.53661	0.0630444
12 1.6014	0.110471
# new_prof_[13]
0 1.03169	0.000238671
1 0.92541	0.000342273
2 1.04847	0.000671157
3 1.097	0.00114612
4 1.14631	0.00193959
5 1.19198	0.00329094
6 1.23076	0.00552687
7 1.26764	0.00923503
8 1.269	0.0158319
9 1.36663	0.0273136
10 1.30045	0.0413283
11 1.46613	0.079375
12 1.50052	0.131585
# new_prof_[14]
0 1.01222	0.000239103
1 0.97031	0.000351231
2 1.13422	0.00069714
3 1.22115	0.00120005
4 1.3026	0.00204544
5 1.37031	0.00350262
6 1.44545	0.00593011
7 1.50317	0.0100174
8 1.58282	0.0175212
9 1.64692	0.0291244
10 1.64728	0.0470829
11 1.60253	0.0780634
12 1.70604	0.162499
# new_prof_[15]
0 0.959176	0.000127194
1 1.01137	0.000192376
2 0.960021	0.000353067
3 0.94716	0.000584292
4 0.937476	0.000964694
5 0.931129	0.00159557
6 0.914936	0.00261894
7 0.913553	0.00431028
8 0.915025	0.00727787
9 0.898781	0.0121453
10 0.904407	0.0195828
11 0.913764	0.0333839
12 0.890954	0.0529451
# new_prof_[16]
0 0.994376	0.00022934
1 0.976029	0.000337524
2 0.951781	0.000631596
3 0.939999	0.00104715
4 0.931949	0.00173033
5 0.927855	0.00287522
6 0.909278	0.00471047
7 0.894675	0.00777173
8 0.896745	0.0131368
9 0.875314	0.021544
10 0.868028	0.0360065
11 0.868008	0.0622714
12 0.756674	0.0919489
# new_prof_[17]
0 0.942798	0.000142672
1 1.0285	0.000218401
2 0.964176	0.000399532
3 0.950783	0.000659883
4 0.94031	0.00108581
5 0.932958	0.00178786
6 0.91763	0.0029229
7 0.922666	0.00483822
8 0.924092	0.00813333
9 0.909909	0.0133311
10 0.921701	0.0219117
11 0.936353	0.036661
12 0.955214	0.0583191
# 
# new_prof_[18]
0 0.863255	0.000148982
1 1.46906	0.000289767
2 2.4852	0.000642975
3 3.35733	0.00121434
4 4.23663	0.0022015
5 5.13063	0.00389587
6 5.99442	0.00681281
7 6.81804	0.0116973
8 7.63287	0.0201823
9 8.46484	0.0348635
10 9.27869	0.0591313
11 10.1068	0.100099
12 10.9164	0.177917
# new_prof_[19]
0 0.732817	0.000145842
1 1.5216	0.000284652
2 2.70187	0.000645087
3 3.74613	0.00123125
4 4.79748	0.00225483
5 5.86565	0.00401618
6 6.90387	0.00702627
7 7.90594	0.0120087
8 8.89332	0.0207556
9 9.88076	0.0356687
10 10.8944	0.0613056
11 11.8505	0.102777
12 12.9395	0.187653
# new_prof_[20]
0 1.1736	0.000249865
1 1.34438	0.000438265
2 1.97026	0.000942959
3 2.43311	0.00172922
4 2.90331	0.00308046
5 3.38299	0.00540102
6 3.83244	0.00945693
7 4.23109	0.0164732
8 4.63548	0.0284831
9 5.09917	0.0498443
10 5.43777	0.0851222
11 5.96184	0.153542
12 6.10631	0.28522
# new_prof_[21]
0 1.01998	0.000192752
1 0.969098	0.000282714
2 1.0888	0.000545063
3 1.15771	0.000930243
4 1.22105	0.00157833
5 1.28155	0.00265916
6 1.33855	0.00452853
7 1.39107	0.00773775
8 1.4337	0.0129411
9 1.50475	0.0218695
10 1.52216	0.036249
11 1.49634	0.0619246
12 1.6016	0.117078
# new_prof_[22]
0 1.02939	0.000237775
1 0.946292	0.000347139
2 1.04684	0.000669523
3 1.09641	0.00114179
4 1.14013	0.00192882
5 1.19003	0.00324677
6 1.2271	0.00548978
7 1.27146	0.00936512
8 1.28867	0.0157564
9 1.37889	0.0270673
10 1.36197	0.0429579
11 1.34493	0.0760332
12 1.37424	0.132581
# new_prof_[23]
0 1.00998	0.000238292
1 0.991759	0.000356058
2 1.13037	0.000694272
3 1.21858	0.00119446
4 1.3013	0.00204064
5 1.37238	0.0034692
6 1.44939	0.00592582
7 1.51028	0.0101259
8 1.57714	0.0168863
9 1.62897	0.028494
10 1.68299	0.0496426
11 1.63483	0.0830197
12 1.82027	0.167271
# new_prof_[24]
0 0.958581	0.000126977
1 0.988894	0.000192631
2 0.959689	0.000352348
3 0.947078	0.000583641
4 0.935781	0.000961672
5 0.925954	0.0015833
6 0.917956	0.00259772
7 0.914979	0.00434196
8 0.90364	0.00717311
9 0.884946	0.01154
10 0.89023	0.0192663
11 0.912511	0.0318764
12 0.87215	0.0615468
# new_prof_[25]
0 0.992721	0.000228578
1 0.949165	0.000341866
2 0.948645	0.000629415
3 0.938539	0.00104372
4 0.929819	0.001724
5 0.917981	0.00284429
6 0.907117	0.00469511
7 0.897951	0.00781121
8 0.885653	0.0129321
9 0.857763	0.0214359
10 0.857466	0.0355941
11 0.832596	0.058795
12 0.902004	0.106164
# new_prof_[26]
0 0.942661	0.000142508
1 1.00806	0.000220376
2 0.965189	0.000399114
3 0.951358	0.000659229
4 0.938801	0.00108192
5 0.929763	0.00177654
6 0.923019	0.00291327
7 0.923196	0.00485005
8 0.911786	0.00801379
9 0.898465	0.013025
10 0.905856	0.0209389
11 0.948762	0.0348587
12 0.859042	0.0647777
# 
# new_prof_[27]
0 0.861748	0.00014858
1 1.4665	0.000288992
2 2.48229	0.000642828
3 3.35742	0.00121705
4 4.2324	0.00220782
5 5.13217	0.00395116
6 5.99705	0.00688445
7 6.83058	0.0117556
8 7.66241	0.0201444
9 8.44639	0.0341858
10 9.1755	0.0592425
11 10.0249	0.0976129
12 10.9492	0.181606
# new_prof_[28]
0 0.730574	0.000145107
1 1.51779	0.000283061
2 2.69738	0.000643624
3 3.74413	0.00123197
4 4.7932	0.0022589
5 5.86575	0.00406406
6 6.90596	0.00707332
7 7.91604	0.0120927
8 8.94002	0.0206697
9 9.85461	0.0348327
10 10.7667	0.0599539
11 11.8697	0.105851
12 13.0849	0.193419
# new_prof_[29]
0 1.17367	0.000249814
1 1.34483	0.0004385
2 1.97132	0.000944187
3 2.43851	0.00173439
4 2.89966	0.00308256
5 3.38886	0.00547667
6 3.83693	0.00954317
7 4.251	0.0164428
8 4.62593	0.0285651
9 5.09842	0.0494585
10 5.39462	0.0870388
11 5.64076	0.143546
12 5.87351	0.273886
# new_prof_[30]
0 1.02217	0.000192923
1 0.971086	0.000283231
2 1.08954	0.000545659
3 1.15992	0.000932885
4 1.22109	0.00158182
5 1.27771	0.00267898
6 1.33941	0.00456057
7 1.39489	0.00774644
8 1.42962	0.0128536
9 1.49874	0.0220599
10 1.5689	0.0382738
11 1.62706	0.0682671
12 1.50823	0.113655
# new_prof_[31]
0 1.03242	0.000238164
1 0.948679	0.00034791
2 1.0477	0.000670891
3 1.09738	0.00114421
4 1.14226	0.00193258
5 1.18394	0.0032818
6 1.23403	0.00558519
7 1.27238	0.00935203
8 1.29046	0.0156075
9 1.37033	0.0267404
10 1.38369	0.0458044
11 1.41732	0.0818809
12 1.29921	0.136741
# new_prof_[32]
0 1.01132	0.000238336
1 0.993395	0.00035649
2 1.13098	0.000695257
3 1.22191	0.00119861
4 1.29936	0.00204725
5 1.37088	0.00348973
6 1.4443	0.00592083
7 1.51618	0.0101149
8 1.56808	0.0169723
9 1.62747	0.0288191
10 1.75034	0.0502868
11 1.83622	0.0857677
12 1.70927	0.139925
# new_prof_[33]
0 0.960162	0.000127136
1 0.990446	0.00019282
2 0.961076	0.000353242
3 0.947793	0.000584899
4 0.937667	0.000964066
5 0.927064	0.00159948
6 0.923386	0.00263398
7 0.911954	0.00435307
8 0.897816	0.007275
9 0.915213	0.0119329
10 0.871764	0.0200264
11 0.896381	0.0320584
12 0.952405	0.0605127
# new_prof_[34]
0 0.993765	0.000228812
1 0.950496	0.000342177
2 0.951582	0.000630856
3 0.940145	0.00104766
4 0.932483	0.00173028
5 0.918357	0.00287503
6 0.916723	0.00474876
7 0.888064	0.00780521
8 0.87157	0.0129457
9 0.885939	0.0214744
10 0.813886	0.0350191
11 0.874143	0.0595166
12 0.874143	0.104582
# new_prof_[35]
0 0.944482	0.000142669
1 1.00972	0.000220617
2 0.965854	0.000400216
3 0.951648	0.00066063
4 0.940352	0.00108603
5 0.93131	0.00179713
6 0.926555	0.00294898
7 0.923405	0.00483601
8 0.910191	0.00812491
9 0.929435	0.0131837
10 0.898303	0.021893
11 0.905388	0.0362107
12 0.983547	0.0669107
# 
# new_prof_[36]
0 0.857926	0.000153509
1 1.45945	0.000298605
2 2.47153	0.000664838
3 3.3452	0.00126131
4 4.2177	0.00228813
5 5.11102	0.00406423
6 5.97122	0.00707578
7 6.81918	0.012264
8 7.6165	0.021198
9 8.4143	0.0369651
10 9.24532	0.0625022
11 9.96774	0.101841
12 10.9046	0.153931
# new_prof_[37]
0 0.727072	0.000149795
1 1.51072	0.000292178
2 2.6864	0.00066484
3 3.73065	0.0012754
4 4.77586	0.00233786
5 5.84474	0.00418125
6 6.88002	0.00728463
7 7.90257	0.0125804
8 8.86808	0.0216515
9 9.81583	0.0373378
10 10.8362	0.0632849
11 11.6821	0.10592
12 12.8507	0.142449
# new_prof_[38]
0 1.16908	0.000258565
1 1.33791	0.000453941
2 1.96117	0.000979149
3 2.42954	0.00180128
4 2.89161	0.00320315
5 3.36764	0.00564617
6 3.8119	0.00982788
7 4.24481	0.017137
8 4.64171	0.0300184
9 5.08371	0.0526793
10 5.46576	0.093038
11 5.89497	0.153561
12 6.28096	0.299411
# new_prof_[39]
0 1.01982	0.000199875
1 0.968424	0.000293207
2 1.08779	0.000566764
3 1.15686	0.000968472
4 1.22022	0.00164041
5 1.28508	0.00279889
6 1.34017	0.00472871
7 1.39454	0.00802573
8 1.41701	0.0135149
9 1.44678	0.0222862
10 1.54943	0.0389389
11 1.47012	0.0656655
12 1.67161	0.105214
# new_prof_[40]
0 1.02942	0.000246658
1 0.945923	0.000360166
2 1.04566	0.000696235
3 1.09396	0.0011875
4 1.13888	0.0020098
5 1.19225	0.0034209
6 1.23552	0.00580164
7 1.27814	0.00975556
8 1.29519	0.0162532
9 1.2939	0.0272769
10 1.33988	0.046065
11 1.36435	0.0781737
12 1.67554	0.135436
# new_prof_[41]
0 1.00965	0.000246991
1 0.990826	0.00036922
2 1.12957	0.000721952
3 1.21926	0.00124537
4 1.30097	0.00212059
5 1.37742	0.00364603
6 1.44415	0.00615739
7 1.51032	0.0104799
8 1.53741	0.0179306
9 1.60177	0.0294104
10 1.75769	0.0544212
11 1.57485	0.0867794
12 1.6615	0.127511
# new_prof_[42]
0 0.958639	0.000131666
1 0.988979	0.00019982
2 0.959783	0.000366551
3 0.946075	0.000607735
4 0.934707	0.00100195
5 0.930511	0.00166591
6 0.911735	0.00272621
7 0.899274	0.00445334
8 0.892407	0.00757085
9 0.917141	0.0125089
10 0.905691	0.0214715
11 0.894088	0.0348011
12 0.896882	0.0578003
# new_prof_[43]
0 0.991991	0.000237007
1 0.94875	0.000354618
2 0.950363	0.000655096
3 0.938797	0.00108756
4 0.929787	0.00179643
5 0.925153	0.00298885
6 0.909782	0.00491123
7 0.885287	0.00806854
8 0.89058	0.0137242
9 0.887001	0.0226124
10 0.872619	0.0377075
11 0.846916	0.0617968
12 0.820832	0.094852
# new_prof_[44]
0 0.943095	0.000147781
1 1.0084	0.000228636
2 0.964521	0.000415086
3 0.949746	0.000687274
4 0.93728	0.00112854
5 0.933283	0.00186595
6 0.912627	0.00304461
7 0.905835	0.00501345
8 0.893041	0.00837146
9 0.93102	0.0140066
10 0.922333	0.0234869
11 0.914634	0.0391945
12 0.933803	0.0641561
