# INSIDE FILES LOOP
# new_prof_[0]
0 0.835772	0.000135746
1 1.36618	0.000270712
2 2.32589	0.000671415
3 3.12905	0.00139987
4 3.94065	0.00283751
5 4.78356	0.00566981
6 5.60297	0.0110497
7 6.43442	0.0214094
8 7.20191	0.0403107
9 8.0207	0.0826419
10 8.64398	0.136012
11 9.78051	0.223542
12 10.5962	0.24374
# new_prof_[1]
0 0.69876	0.000131209
1 1.40549	0.000258744
2 2.5077	0.000653287
3 3.46329	0.00137237
4 4.4261	0.00281047
5 5.42222	0.0056696
6 6.39745	0.0111385
7 7.37865	0.0215044
8 8.32977	0.0404554
9 9.35373	0.0869094
10 10.3496	0.150629
11 12.0316	0.268985
12 13.2413	0.330458
# new_prof_[2]
0 1.16679	0.000237545
1 1.27119	0.000434431
2 1.88661	0.0010552
3 2.32149	0.00214635
4 2.76776	0.00425149
5 3.2405	0.00839525
6 3.68343	0.0162939
7 4.15308	0.0317784
8 4.47688	0.0620707
9 4.79996	0.121178
10 4.52296	0.208641
11 4.34163	0.310586
12 4.20523	0.545366
# new_prof_[3]
0 1.03139	0.000186128
1 0.966394	0.000287778
2 1.09235	0.000626533
3 1.16098	0.00118657
4 1.22929	0.002239
5 1.29134	0.00421151
6 1.35011	0.00805774
7 1.3783	0.0151695
8 1.48556	0.0285025
9 1.49762	0.0526026
10 1.40515	0.0887904
11 1.26244	0.15525
12 1.05163	0.16813
# new_prof_[4]
0 1.04171	0.000228942
1 0.937464	0.000350932
2 1.04224	0.000763135
3 1.08547	0.00144119
4 1.13305	0.00270824
5 1.18227	0.00510686
6 1.21814	0.00972001
7 1.24677	0.0183367
8 1.33281	0.0346861
9 1.26635	0.061099
10 1.17084	0.101035
11 1.1639	0.229663
12 1.06414	0.228311
# new_prof_[5]
0 1.02073	0.000231109
1 0.995972	0.000365048
2 1.14363	0.000804331
3 1.23828	0.00153565
4 1.32784	0.00292323
5 1.40302	0.00555415
6 1.48527	0.0105813
7 1.51301	0.0199461
8 1.64201	0.0365793
9 1.73454	0.0729063
10 1.64519	0.139739
11 1.36333	0.170416
12 1.03873	0.247267
# new_prof_[6]
0 0.960103	0.000162908
1 1.00215	0.000263307
2 0.959273	0.00054082
3 0.937651	0.000992146
4 0.919212	0.00181406
5 0.898252	0.00335679
6 0.884923	0.00623864
7 0.836066	0.0111856
8 0.824542	0.0205105
9 0.770402	0.0363875
10 0.799295	0.0693143
11 0.909614	0.115335
12 0.885145	0.164918
# new_prof_[7]
0 0.991831	0.000219214
1 0.941249	0.000346326
2 0.94404	0.000717976
3 0.929038	0.00131708
4 0.919213	0.00241259
5 0.907778	0.00447646
6 0.896967	0.0083536
7 0.852377	0.0151425
8 0.833525	0.0278934
9 0.804801	0.049166
10 0.835359	0.0896695
11 1.05073	0.151199
12 0.92299	0.241935
# new_prof_[8]
0 0.926226	0.000225355
1 1.06717	0.000378097
2 0.975537	0.000762555
3 0.946848	0.00139271
4 0.91921	0.00253474
5 0.88808	0.00464502
6 0.872064	0.00859217
7 0.81865	0.0153732
8 0.814952	0.0276692
9 0.733671	0.0506467
10 0.760787	0.0900267
11 0.758942	0.150254
12 0.844736	0.213517
# INSIDE FILES LOOP
# new_prof_[9]
0 0.83316	0.000135161
1 1.36114	0.000269105
2 2.31965	0.000667681
3 3.12036	0.00139384
4 3.92428	0.0028158
5 4.75284	0.00556427
6 5.58779	0.0110309
7 6.40302	0.0209556
8 7.06599	0.0417223
9 7.88631	0.0773061
10 8.75971	0.14638
11 9.5996	0.312205
12 10.329	0.328534
# new_prof_[10]
0 0.694981	0.000130108
1 1.39807	0.0002557
2 2.49695	0.000645932
3 3.44928	0.00135991
4 4.40268	0.00277393
5 5.38412	0.00553408
6 6.37023	0.0110405
7 7.3454	0.0209681
8 8.16712	0.0422279
9 9.18902	0.0765082
10 10.2782	0.14944
11 11.2671	0.289987
12 12.7787	0.413584
# new_prof_[11]
0 1.167	0.000237614
1 1.27192	0.000434741
2 1.89124	0.00105664
3 2.32566	0.00214748
4 2.76839	0.00425497
5 3.22762	0.00836844
6 3.69733	0.0163821
7 4.12614	0.0313528
8 4.40557	0.062288
9 4.73883	0.120378
10 5.09086	0.241262
11 5.57066	0.502038
12 4.41054	0.616891
# new_prof_[12]
0 1.03132	0.000186117
1 0.965561	0.000287702
2 1.09288	0.000627246
3 1.16122	0.00118713
4 1.22744	0.00223872
5 1.29634	0.00424133
6 1.34288	0.00805448
7 1.38819	0.0151217
8 1.39207	0.0291644
9 1.57338	0.0552295
10 1.51831	0.108806
11 1.71792	0.175037
12 1.6489	0.398998
# new_prof_[13]
0 1.04164	0.00022893
1 0.937	0.000350909
2 1.04156	0.000763546
3 1.08565	0.00144099
4 1.13286	0.00270558
5 1.18002	0.00510921
6 1.21178	0.00966629
7 1.24974	0.0181006
8 1.26038	0.035274
9 1.40279	0.06777
10 1.26513	0.13412
11 1.55555	0.226309
12 1.15825	0.305498
# new_prof_[14]
0 1.02066	0.000231121
1 0.99476	0.000365
2 1.1454	0.000805213
3 1.23859	0.0015385
4 1.32428	0.00292492
5 1.41546	0.00560237
6 1.47715	0.010644
7 1.52998	0.0200672
8 1.52693	0.0381751
9 1.7481	0.0743154
10 1.77769	0.133112
11 1.8842	0.232344
12 2.15165	0.624967
# new_prof_[15]
0 0.960293	0.000162956
1 1.00221	0.000263368
2 0.958856	0.000541731
3 0.938838	0.000994648
4 0.920011	0.00181795
5 0.898921	0.00337213
6 0.872096	0.00617226
7 0.867003	0.0113758
8 0.849863	0.021177
9 0.824115	0.0389828
10 0.774559	0.0689898
11 0.71255	0.132392
12 1.06996	0.200243
# new_prof_[16]
0 0.992029	0.000219238
1 0.941202	0.000346358
2 0.943487	0.000718549
3 0.931212	0.00132014
4 0.924215	0.00242053
5 0.910817	0.00449024
6 0.900474	0.00826909
7 0.903201	0.0152455
8 0.867851	0.0280175
9 0.787919	0.0517813
10 0.836266	0.092312
11 0.827932	0.208079
12 1.03601	0.253386
# new_prof_[17]
0 0.926408	0.00022542
1 1.06734	0.000378361
2 0.975267	0.000763568
3 0.94698	0.00139311
4 0.915522	0.00253578
5 0.886219	0.0046752
6 0.841796	0.00853959
7 0.828354	0.0157328
8 0.830657	0.0297898
9 0.862763	0.0541048
10 0.708671	0.0887639
11 0.58935	0.144454
12 1.1062	0.305656
# INSIDE FILES LOOP
# new_prof_[18]
0 0.831815	0.000135071
1 1.35862	0.000268953
2 2.31751	0.000668241
3 3.11648	0.00139583
4 3.92914	0.00282048
5 4.74828	0.00561139
6 5.59892	0.0110615
7 6.40752	0.0214215
8 7.13843	0.0410773
9 7.93541	0.0767201
10 8.55	0.147665
11 9.77887	0.26605
12 9.97286	0.457325
# new_prof_[19]
0 0.693789	0.000130021
1 1.39613	0.000255572
2 2.49524	0.000646309
3 3.44598	0.00136203
4 4.40554	0.00278029
5 5.38025	0.00556567
6 6.37849	0.0110645
7 7.35486	0.0214642
8 8.22358	0.0408059
9 9.22315	0.0789191
10 9.96461	0.142566
11 11.4927	0.26213
12 12.2499	0.490152
# new_prof_[20]
0 1.16528	0.00023745
1 1.26798	0.000434528
2 1.88808	0.0010566
3 2.32035	0.00214823
4 2.77811	0.00425398
5 3.22137	0.00839888
6 3.71539	0.0164205
7 4.11866	0.0321748
8 4.51662	0.0625543
9 4.8241	0.116054
10 5.13217	0.245369
11 5.63811	0.444715
12 4.47138	0.586988
# new_prof_[21]
0 1.03124	0.000186049
1 0.965612	0.000287746
2 1.09183	0.000627195
3 1.15949	0.00118665
4 1.22576	0.0022376
5 1.28764	0.00424003
6 1.34272	0.00807948
7 1.43115	0.0157628
8 1.48493	0.0290901
9 1.47793	0.0557642
10 1.55489	0.105462
11 1.39764	0.15009
12 2.30846	0.39736
# new_prof_[22]
0 1.04162	0.000228851
1 0.936982	0.000350943
2 1.0417	0.000764564
3 1.0844	0.00144009
4 1.13131	0.00270686
5 1.17351	0.00511663
6 1.21357	0.00968482
7 1.27676	0.0183173
8 1.31489	0.034921
9 1.28217	0.0669685
10 1.44681	0.117058
11 1.05483	0.17108
12 1.82424	0.356879
# new_prof_[23]
0 1.02052	0.000231059
1 0.994881	0.000365031
2 1.14314	0.000804398
3 1.23637	0.00153797
4 1.32247	0.00291457
5 1.40452	0.0055813
6 1.47499	0.0107444
7 1.58928	0.0209195
8 1.6591	0.038481
9 1.67844	0.0717198
10 1.66555	0.140643
11 1.74888	0.223186
12 2.80456	0.572715
# new_prof_[24]
0 0.960166	0.000162898
1 1.00259	0.000263444
2 0.958624	0.00054161
3 0.938924	0.000994849
4 0.919495	0.00181927
5 0.900836	0.00338403
6 0.889057	0.00624075
7 0.834705	0.0113333
8 0.852123	0.02152
9 0.823027	0.0389056
10 0.788883	0.0723435
11 0.583612	0.0884306
12 0.817057	0.275736
# new_prof_[25]
0 0.991815	0.00021915
1 0.941636	0.000346476
2 0.943193	0.000718525
3 0.933206	0.00132273
4 0.922955	0.00242087
5 0.910848	0.00448991
6 0.910916	0.00840873
7 0.859826	0.015119
8 0.886821	0.0292263
9 0.759753	0.0487372
10 0.750214	0.0906209
11 0.565096	0.127642
12 0.659279	0.304508
# new_prof_[26]
0 0.926373	0.000225324
1 1.06768	0.000378405
2 0.975101	0.000763778
3 0.94503	0.00139434
4 0.9158	0.00253709
5 0.890147	0.00468867
6 0.865716	0.00865583
7 0.807882	0.0154757
8 0.815073	0.0293701
9 0.890588	0.05521
10 0.830171	0.0994154
11 0.603383	0.13629
12 0.985525	0.391519
# INSIDE FILES LOOP
# new_prof_[27]
0 0.831829	0.000135097
1 1.35851	0.000269071
2 2.31658	0.000667795
3 3.11646	0.00139875
4 3.92676	0.00282322
5 4.76093	0.00564902
6 5.57323	0.0109591
7 6.35907	0.0214396
8 7.12777	0.0415609
9 7.8543	0.0762818
10 8.35656	0.143884
11 9.32495	0.251562
12 9.74511	0.393415
# new_prof_[28]
0 0.693868	0.00013004
1 1.39606	0.00025571
2 2.4947	0.000646288
3 3.44676	0.00136493
4 4.40735	0.00278103
5 5.39178	0.00562408
6 6.35593	0.010938
7 7.29443	0.0211654
8 8.23349	0.0407567
9 9.10542	0.0763099
10 9.80963	0.151962
11 11.1552	0.281696
12 12.0499	0.432342
# new_prof_[29]
0 1.16514	0.000237535
1 1.26777	0.000434604
2 1.8862	0.00105595
3 2.31844	0.00215338
4 2.76561	0.00425995
5 3.23675	0.00840697
6 3.68216	0.0163777
7 4.09917	0.032399
8 4.45623	0.0634366
9 4.83149	0.111814
10 4.84583	0.220493
11 4.90283	0.417167
12 4.17656	0.767892
# new_prof_[30]
0 1.03153	0.000186183
1 0.965868	0.000288117
2 1.09058	0.000627103
3 1.16095	0.00119232
4 1.2227	0.00223023
5 1.29073	0.00428495
6 1.35465	0.00811174
7 1.38687	0.0150472
8 1.47939	0.0286847
9 1.58102	0.0550097
10 1.42222	0.0920178
11 1.56597	0.17494
12 1.65735	0.391255
# new_prof_[31]
0 1.04212	0.000228997
1 0.937308	0.000351314
2 1.03989	0.000763738
3 1.08574	0.00144472
4 1.1298	0.00270261
5 1.17544	0.00514982
6 1.22552	0.00973646
7 1.25727	0.018195
8 1.34135	0.0353279
9 1.39559	0.0646623
10 1.17422	0.105619
11 1.30684	0.182603
12 1.28632	0.432709
# new_prof_[32]
0 1.02059	0.000231204
1 0.995065	0.000365477
2 1.14245	0.000805021
3 1.23794	0.00154492
4 1.31782	0.00291617
5 1.4088	0.0056357
6 1.4869	0.0107285
7 1.51959	0.0199821
8 1.62075	0.0384276
9 1.77095	0.0725096
10 1.67629	0.133419
11 1.83144	0.238685
12 2.0375	0.54621
# new_prof_[33]
0 0.96011	0.000162967
1 1.00249	0.000263726
2 0.958127	0.000541308
3 0.937681	0.000995683
4 0.919596	0.00182686
5 0.898701	0.00338475
6 0.88594	0.00621509
7 0.867807	0.0114732
8 0.844153	0.0206883
9 0.805523	0.0374611
10 0.831144	0.0711272
11 1.0034	0.114706
12 1.02132	0.272151
# new_prof_[34]
0 0.9915	0.000219219
1 0.941129	0.000346653
2 0.942748	0.000718552
3 0.93183	0.00132319
4 0.924142	0.00243403
5 0.914308	0.00451591
6 0.908321	0.00832011
7 0.895592	0.0154628
8 0.863077	0.0278862
9 0.879038	0.0513996
10 0.941177	0.105803
11 1.17976	0.161711
12 1.36927	0.395837
# new_prof_[35]
0 0.926594	0.00022555
1 1.06801	0.000378799
2 0.974549	0.000763983
3 0.943927	0.00139692
4 0.914743	0.00254172
5 0.882035	0.0046784
6 0.862041	0.00856976
7 0.838141	0.0157242
8 0.823947	0.0288057
9 0.727026	0.049252
10 0.713656	0.082955
11 0.815096	0.155029
12 0.649797	0.270332
# INSIDE FILES LOOP
# new_prof_[36]
0 0.830744	0.000134945
1 1.35662	0.00026641
2 2.31394	0.000668039
3 3.11287	0.00140076
4 3.9228	0.00283925
5 4.75895	0.00565328
6 5.58509	0.0111258
7 6.38157	0.0211668
8 7.12623	0.0423086
9 7.8796	0.072131
10 8.67834	0.141815
11 10.0904	0.356445
12 10.7821	0.323192
# new_prof_[37]
0 0.692932	0.000129903
1 1.39337	0.000253177
2 2.49232	0.000646637
3 3.44319	0.00136573
4 4.40265	0.00279755
5 5.38999	0.00560985
6 6.37266	0.011082
7 7.32091	0.021087
8 8.22507	0.0421294
9 9.16826	0.0742995
10 10.1409	0.147908
11 11.6981	0.351696
12 13.4898	0.44211
# new_prof_[38]
0 1.1639	0.000237518
1 1.2678	0.000430719
2 1.88273	0.00105679
3 2.31436	0.0021582
4 2.76282	0.00428355
5 3.23346	0.00848488
6 3.68121	0.0165428
7 4.11082	0.0315237
8 4.46987	0.0646544
9 4.76439	0.109024
10 5.14279	0.236067
11 6.204	0.544164
12 4.23623	0.855463
# new_prof_[39]
0 1.03089	0.00018602
1 0.970418	0.000285971
2 1.09055	0.000627732
3 1.16054	0.00119381
4 1.22356	0.00224605
5 1.28485	0.00427434
6 1.34804	0.0081134
7 1.41632	0.0153608
8 1.4766	0.0295575
9 1.41232	0.0499112
10 1.453	0.0907199
11 1.74061	0.202474
12 1.00039	0.218336
# new_prof_[40]
0 1.04094	0.000228815
1 0.94206	0.000348541
2 1.04027	0.000764851
3 1.08375	0.00144624
4 1.12776	0.00271354
5 1.17708	0.00517013
6 1.20847	0.0097889
7 1.26937	0.018362
8 1.308	0.0354908
9 1.1922	0.0593318
10 1.31005	0.109594
11 1.52006	0.211033
12 0.912034	0.225461
# new_prof_[41]
0 1.0205	0.000231081
1 0.999414	0.000362485
2 1.142	0.000805579
3 1.23917	0.00154829
4 1.32169	0.00293813
5 1.39525	0.00560944
6 1.49101	0.0107189
7 1.56686	0.020251
8 1.64933	0.0389253
9 1.63788	0.068783
10 1.59944	0.133639
11 1.96659	0.292449
12 1.0909	0.332424
# new_prof_[42]
0 0.960472	0.000162979
1 1.00282	0.000261337
2 0.959387	0.000542681
3 0.937117	0.000997756
4 0.919328	0.00183262
5 0.902386	0.00339948
6 0.890437	0.00630798
7 0.853072	0.0112961
8 0.815595	0.0206771
9 0.827083	0.0380261
10 0.759283	0.0647965
11 0.997019	0.12153
12 0.612802	0.151489
# new_prof_[43]
0 0.99211	0.000219275
1 0.949967	0.000344714
2 0.94379	0.000719695
3 0.932349	0.0013269
4 0.927992	0.00243982
5 0.915876	0.00451827
6 0.920139	0.00845697
7 0.881944	0.0150473
8 0.849251	0.0280323
9 0.872654	0.0519968
10 0.819836	0.0891082
11 0.847721	0.151042
12 0.692306	0.210963
# new_prof_[44]
0 0.926695	0.000225459
1 1.05924	0.000376482
2 0.976036	0.000765086
3 0.942206	0.0013994
4 0.910077	0.00255281
5 0.887981	0.00470286
6 0.858725	0.00859071
7 0.822247	0.0156416
8 0.779664	0.028544
9 0.778429	0.0524888
10 0.694637	0.085135
11 1.1564	0.203642
12 0.527924	0.204464
# END LOOP
