# INSIDE FILES LOOP
# new_prof_[0]
0 0.737749	9.68716e-05
1 0.764988	0.000146542
2 1.09754	0.0724191
# new_prof_[1]
0 0.573577	9.00247e-05
1 0.838251	0.000127389
2 1.32774	0
# new_prof_[2]
0 1.13684	0.000197262
1 0.586886	0.000370716
2 0.537944	0.248466
# new_prof_[3]
0 1.06988	0.000167754
1 0.778485	0.000337833
2 0.256446	0.118447
# new_prof_[4]
0 1.0751	0.000205506
1 0.726785	0.000408083
2 0.101332	0.0978961
# new_prof_[5]
0 1.06445	0.000208438
1 0.831411	0.000441435
2 0.415392	0.17786
# new_prof_[6]
0 0.951987	0.0001446
1 1.0936	0.000359184
2 1.49799	0.233237
3 0	0
4 0	0
5 0	0
6 0	0
7 0	0
8 0	0
9 0	0
10 0	0
11 0	0
12 0	0
# new_prof_[7]
0 0.989207	0.000194224
1 0.884125	0.000457449
2 0.923178	0.254821
# new_prof_[8]
0 0.912258	0.000199294
1 1.3172	0.000533844
2 2.11154	0.344814
# INSIDE FILES LOOP
# new_prof_[9]
0 0.737502	9.65912e-05
1 0.765744	0.000146896
2 1.35886	0.116215
# new_prof_[10]
0 0.574126	8.97362e-05
1 0.838944	0.000127646
2 1.54903	0.0903412
# new_prof_[11]
0 1.13466	0.000196811
1 0.587794	0.000371024
2 0.896574	0.289753
# new_prof_[12]
0 1.06915	0.000167225
1 0.779006	0.000337742
2 0.683855	0.190079
# new_prof_[13]
0 1.07243	0.000204995
1 0.727129	0.000407755
2 0.591104	0.211577
# new_prof_[14]
0 1.06571	0.000207817
1 0.832113	0.000441425
2 0.77886	0.252305
# new_prof_[15]
0 0.951928	0.000144065
1 1.09434	0.000358937
2 1.36181	0.266145
# new_prof_[16]
0 0.99137	0.000193643
1 0.885108	0.000457259
2 1.09902	0.231694
# new_prof_[17]
0 0.909829	0.000198721
1 1.31768	0.000533334
2 1.64231	0.391027
# INSIDE FILES LOOP
# new_prof_[18]
0 0.73689	9.6702e-05
1 0.76329	0.000145984
2 1.45758	0.0529721
# new_prof_[19]
0 0.572937	8.98567e-05
1 0.837362	0.00012689
2 1.50805	0.0384638
# new_prof_[20]
0 1.13545	0.000196904
1 0.58322	0.000369544
2 1.3349	0.137432
# new_prof_[21]
0 1.06963	0.000167449
1 0.77868	0.000337314
2 0.702851	0.0713267
# new_prof_[22]
0 1.07497	0.000205171
1 0.726911	0.000407133
2 0.600486	0.0906925
# new_prof_[23]
0 1.06409	0.000208071
1 0.831678	0.000440995
2 0.807707	0.105723
# new_prof_[24]
0 0.952095	0.000144393
1 1.09459	0.000358601
2 0.907875	0.0873603
# new_prof_[25]
0 0.989176	0.000193932
1 0.885128	0.000456805
2 0.659413	0.114553
# new_prof_[26]
0 0.912515	0.000198986
1 1.31816	0.000532825
2 1.17308	0.132924
# INSIDE FILES LOOP
# new_prof_[27]
0 0.736829	9.66807e-05
1 0.763366	0.000146096
2 1.46617	0.0533607
# new_prof_[28]
0 0.572847	8.98428e-05
1 0.837138	0.000126899
2 1.53961	0.0319184
# new_prof_[29]
0 1.13546	0.000196882
1 0.584025	0.000369922
2 1.28763	0.134265
# new_prof_[30]
0 1.06922	0.000167414
1 0.778763	0.000337481
2 0.941211	0.0948507
# new_prof_[31]
0 1.07454	0.000205127
1 0.727044	0.000407442
2 0.857011	0.113325
# new_prof_[32]
0 1.06369	0.000208047
1 0.831709	0.00044093
2 1.02743	0.118467
# new_prof_[33]
0 0.951814	0.000144387
1 1.09397	0.000358603
2 1.11915	0.084261
# new_prof_[34]
0 0.988656	0.000193896
1 0.884238	0.000456839
2 0.841804	0.11329
# new_prof_[35]
0 0.91249	0.000199058
1 1.31784	0.000533015
2 1.41518	0.136225
# INSIDE FILES LOOP
# new_prof_[36]
0 0.737471	9.67409e-05
1 0.761866	0.000144146
2 0.943481	0
# new_prof_[37]
0 0.573056	8.98858e-05
1 0.836438	0.000125673
2 1.33055	0
# new_prof_[38]
0 1.13823	0.000197562
1 0.580091	0.000368494
# new_prof_[39]
0 1.06953	0.00016747
1 0.778414	0.000337196
2 0.76958	0
# new_prof_[40]
0 1.07476	0.00020515
1 0.726852	0.000407263
2 1.52037	0
# new_prof_[41]
0 1.06409	0.000208127
1 0.831207	0.000440727
# new_prof_[42]
0 0.952108	0.000144372
1 1.0939	0.000358365
2 1.02125	0
# new_prof_[43]
0 0.989328	0.000193903
1 0.884501	0.000456506
# new_prof_[44]
0 0.912361	0.000198998
1 1.31751	0.000532926
2 2.11183	0
# END LOOP
