# INSIDE FILES LOOP
# new_prof_[0]
0 0.737368	9.68155e-05
1 0.765311	0.00014679
2 1.02573	0.0546718
# new_prof_[1]
0 0.573318	8.99856e-05
1 0.838391	0.000127535
2 1.32715	0
# new_prof_[2]
0 1.13605	0.000197095
1 0.587705	0.000371067
2 0.293212	0.187539
# new_prof_[3]
0 1.06976	0.000167774
1 0.779713	0.000338262
2 0.769272	0.328019
# new_prof_[4]
0 1.0752	0.000205513
1 0.727968	0.000408556
2 0.414536	0.282569
# new_prof_[5]
0 1.06411	0.00020843
1 0.832674	0.000442031
2 1.1327	0.451791
# new_prof_[6]
0 0.952086	0.000144631
1 1.09379	0.000359048
2 0.742842	0.230868
# new_prof_[7]
0 0.988745	0.000194162
1 0.884864	0.000457518
2 0.539411	0.265588
# new_prof_[8]
0 0.912937	0.000199398
1 1.31691	0.000533743
2 0.960093	0.317108
# INSIDE FILES LOOP
# new_prof_[9]
0 0.738056	9.67808e-05
1 0.761032	0.000145324
2 1.08717	0.0544775
# new_prof_[10]
0 0.573841	8.99355e-05
1 0.835977	0.000125928
2 1.32715	0
# new_prof_[11]
0 1.13714	0.000196978
1 0.578894	0.000366222
2 0.503957	0.186872
# new_prof_[12]
0 1.06966	0.000167557
1 0.767059	0.000334609
2 0.913511	0.282147
# new_prof_[13]
0 1.07499	0.000205263
1 0.716321	0.000402939
2 0.379992	0.164541
# new_prof_[14]
0 1.06411	0.000208211
1 0.81899	0.000436146
2 1.46012	0.466198
# new_prof_[15]
0 0.952082	0.000144462
1 1.07713	0.0003571
2 1.3406	0.174098
# new_prof_[16]
0 0.988796	0.000193955
1 0.87017	0.000451752
2 1.23615	0.296418
# new_prof_[17]
0 0.912873	0.000199177
1 1.29815	0.000529039
2 1.45214	0.244758
# INSIDE FILES LOOP
# new_prof_[18]
0 0.736617	9.66577e-05
1 0.763027	0.000146109
2 1.3686	0.0453251
# new_prof_[19]
0 0.572869	8.98362e-05
1 0.837045	0.000126944
2 1.45249	0.0273786
# new_prof_[20]
0 1.13457	0.000196755
1 0.583142	0.00036961
2 1.1647	0.124215
# new_prof_[21]
0 1.0697	0.000167514
1 0.778212	0.000337074
2 0.940222	0.100248
# new_prof_[22]
0 1.07519	0.00020523
1 0.726555	0.000407083
2 0.759984	0.102032
# new_prof_[23]
0 1.064	0.000208084
1 0.831085	0.000440548
2 1.12483	0.131855
# new_prof_[24]
0 0.952285	0.000144404
1 1.09362	0.000358385
2 0.976012	0.084793
# new_prof_[25]
0 0.989112	0.000193903
1 0.883817	0.00045657
2 0.703232	0.113389
# new_prof_[26]
0 0.912956	0.0001991
1 1.31767	0.000532854
2 1.26732	0.131928
# INSIDE FILES LOOP
# new_prof_[27]
0 0.736848	9.67179e-05
1 0.763115	0.000146166
2 1.56345	0.0658002
# new_prof_[28]
0 0.573008	8.99035e-05
1 0.836805	0.00012696
2 1.59721	0.0399117
# new_prof_[29]
0 1.13502	0.000196851
1 0.584025	0.000369893
2 1.4814	0.155121
# new_prof_[30]
0 1.06977	0.000167568
1 0.779069	0.000337598
2 0.858722	0.0889287
# new_prof_[31]
0 1.07518	0.000205292
1 0.727854	0.000407927
2 0.83068	0.105029
# new_prof_[32]
0 1.06415	0.000208207
1 0.831488	0.000440949
2 0.887391	0.124264
# new_prof_[33]
0 0.952145	0.000144488
1 1.09402	0.000358809
2 1.02141	0.0888781
# new_prof_[34]
0 0.988938	0.000193995
1 0.884115	0.000456912
2 0.666946	0.115498
# new_prof_[35]
0 0.912853	0.000199189
1 1.31819	0.000533321
2 1.39995	0.118352
# INSIDE FILES LOOP
# new_prof_[36]
0 0.737471	9.67409e-05
1 0.761866	0.000144146
2 0.943481	0
# new_prof_[37]
0 0.573056	8.98858e-05
1 0.836438	0.000125673
2 1.33055	0
# new_prof_[38]
0 1.13823	0.000197562
1 0.580091	0.000368494
# new_prof_[39]
0 1.06953	0.00016747
1 0.778414	0.000337196
2 0.76958	0
# new_prof_[40]
0 1.07476	0.00020515
1 0.726852	0.000407263
2 1.52037	0
# new_prof_[41]
0 1.06409	0.000208127
1 0.831207	0.000440727
# new_prof_[42]
0 0.952108	0.000144372
1 1.0939	0.000358365
2 1.02125	0
# new_prof_[43]
0 0.989328	0.000193903
1 0.884501	0.000456506
# new_prof_[44]
0 0.912361	0.000198998
1 1.31751	0.000532926
2 2.11183	0
# END LOOP
