# INSIDE FILES LOOP
# new_prof_[0]
0 0.861497	0.000148814
1 1.46944	0.000289453
2 2.48612	0.000642955
3 3.36205	0.00121497
4 4.23916	0.00220487
5 5.13161	0.00390145
6 6.0021	0.00677374
7 6.84273	0.0117305
8 7.65503	0.0201352
9 8.4023	0.0343761
10 9.2288	0.0579163
11 10.0395	0.103916
12 10.6681	0.139908
# new_prof_[1]
0 0.732367	0.000145603
1 1.52108	0.000284191
2 2.70062	0.000644448
3 3.74544	0.00123051
4 4.79378	0.00225764
5 5.85923	0.00402003
6 6.9047	0.00698007
7 7.91723	0.0120848
8 8.89695	0.0205749
9 9.83353	0.0352854
10 10.8209	0.0595294
11 11.8484	0.10744
12 12.6934	0.155977
# new_prof_[2]
0 1.17314	0.000250543
1 1.34479	0.000439359
2 1.96839	0.000945666
3 2.43673	0.00173475
4 2.90056	0.00308317
5 3.37547	0.00542067
6 3.82364	0.00942395
7 4.24935	0.0163827
8 4.6576	0.0286595
9 4.94796	0.0488091
10 5.38627	0.087849
11 5.67364	0.146916
12 5.78003	0.217542
# new_prof_[3]
0 1.01888	0.000193327
1 0.970489	0.000283988
2 1.08884	0.000547129
3 1.15832	0.00093403
4 1.22116	0.00158233
5 1.28343	0.0026736
6 1.34299	0.00453765
7 1.37823	0.0075994
8 1.43757	0.0129369
9 1.49936	0.0227547
10 1.49876	0.0367695
11 1.58687	0.0637726
12 1.45569	0.091935
# new_prof_[4]
0 1.03003	0.000237758
1 0.94704	0.000347286
2 1.04583	0.000669123
3 1.09523	0.00114082
4 1.14033	0.00192792
5 1.18737	0.0032515
6 1.24	0.00549749
7 1.26483	0.00916493
8 1.28095	0.0156543
9 1.32749	0.0267643
10 1.31003	0.0450186
11 1.48687	0.0775548
12 1.293	0.117352
# new_prof_[5]
0 1.00737	0.000239829
1 0.994453	0.000359467
2 1.13284	0.000701141
3 1.2229	0.00120641
4 1.30394	0.0020597
5 1.3818	0.00350972
6 1.44845	0.00597541
7 1.49437	0.010059
8 1.59801	0.0171265
9 1.67542	0.0301609
10 1.69211	0.0496494
11 1.68925	0.0866296
12 1.62234	0.131482
# new_prof_[6]
0 0.963388	0.000170014
1 0.996539	0.000258905
2 0.953869	0.000472288
3 0.932912	0.00078241
4 0.914124	0.00128833
5 0.896527	0.00212693
6 0.873931	0.00350363
7 0.862741	0.00572896
8 0.851514	0.00955452
9 0.852608	0.0158299
10 0.836744	0.0267522
11 0.747165	0.040544
12 0.910207	0.07427
# new_prof_[7]
0 0.992412	0.000228516
1 0.94847	0.000341435
2 0.948478	0.000628747
3 0.93717	0.00104272
4 0.928634	0.0017225
5 0.919757	0.00284437
6 0.902421	0.0046947
7 0.886698	0.00770189
8 0.899332	0.0128009
9 0.861263	0.0208723
10 0.878819	0.0359293
11 0.794241	0.0545995
12 0.874756	0.100941
# new_prof_[8]
0 0.93241	0.000235444
1 1.04785	0.000370148
2 0.959623	0.000663525
3 0.928367	0.00109253
4 0.898637	0.00178497
5 0.871732	0.00293475
6 0.843522	0.00483119
7 0.83717	0.00787645
8 0.800475	0.0129331
9 0.84337	0.0218162
10 0.791834	0.0377529
11 0.696918	0.0564418
12 0.948046	0.103948
# INSIDE FILES LOOP
# new_prof_[9]
0 0.859046	0.000148376
1 1.46519	0.000288431
2 2.47948	0.000640224
3 3.35386	0.00121254
4 4.23376	0.00220777
5 5.11912	0.00391117
6 5.98755	0.00678091
7 6.82813	0.0117581
8 7.65111	0.0205912
9 8.44683	0.0350589
10 9.15968	0.0569804
11 9.85249	0.104914
12 10.6378	0.17423
# new_prof_[10]
0 0.728884	0.000144719
1 1.51454	0.000282055
2 2.69022	0.000639753
3 3.73276	0.00122491
4 4.78203	0.00225259
5 5.83746	0.00400976
6 6.88196	0.00696991
7 7.89103	0.012076
8 8.88497	0.021034
9 9.83872	0.0358702
10 10.7352	0.0589759
11 11.5704	0.107422
12 12.5395	0.175385
# new_prof_[11]
0 1.17318	0.0002507
1 1.34607	0.000439891
2 1.97085	0.000945831
3 2.43935	0.00173707
4 2.9105	0.00310166
5 3.38535	0.00546274
6 3.82884	0.00948328
7 4.26276	0.0164298
8 4.67315	0.0292572
9 5.08744	0.0490382
10 5.35706	0.0841828
11 5.70616	0.161483
12 6.0479	0.274119
# new_prof_[12]
0 1.01848	0.000193471
1 0.970126	0.000283896
2 1.08982	0.000547327
3 1.15753	0.000935748
4 1.22323	0.00158433
5 1.27966	0.00269842
6 1.33723	0.0045381
7 1.38427	0.00761679
8 1.42753	0.0133115
9 1.51047	0.0227424
10 1.46813	0.0345729
11 1.53117	0.0627234
12 1.6041	0.109624
# new_prof_[13]
0 1.02952	0.00023793
1 0.946365	0.000347111
2 1.04628	0.000669039
3 1.09477	0.00114265
4 1.14393	0.00193375
5 1.18942	0.00328085
6 1.22788	0.00550896
7 1.26498	0.00920858
8 1.26573	0.0157793
9 1.36407	0.0272302
10 1.2965	0.0412205
11 1.45909	0.0790923
12 1.49736	0.131307
# new_prof_[14]
0 1.00708	0.000239976
1 0.994409	0.000359556
2 1.13437	0.000701784
3 1.22178	0.00120897
4 1.30442	0.0020618
5 1.37206	0.00353066
6 1.44921	0.00597732
7 1.50644	0.0101138
8 1.59328	0.0177811
9 1.66043	0.0295346
10 1.64395	0.0471606
11 1.60494	0.078452
12 1.7134	0.161274
# new_prof_[15]
0 0.963338	0.000170076
1 0.996169	0.000258989
2 0.954335	0.000473054
3 0.931947	0.000782385
4 0.91465	0.0012915
5 0.902143	0.00213903
6 0.876134	0.00350822
7 0.862997	0.00574786
8 0.863483	0.00979763
9 0.834829	0.0164181
10 0.823539	0.0265809
11 0.828665	0.0441167
12 0.803068	0.0723107
# new_prof_[16]
0 0.992287	0.000228627
1 0.949077	0.000341745
2 0.949785	0.000629602
3 0.937941	0.00104386
4 0.929986	0.00172491
5 0.925778	0.00286682
6 0.907271	0.00469565
7 0.892723	0.00774811
8 0.89468	0.0130909
9 0.873031	0.0214902
10 0.867223	0.0359119
11 0.874502	0.062528
12 0.755074	0.0917544
# new_prof_[17]
0 0.932438	0.000235567
1 1.04643	0.000370029
2 0.959191	0.00066409
3 0.925548	0.0010929
4 0.898281	0.0017913
5 0.876915	0.00294971
6 0.842899	0.00480607
7 0.831268	0.00788303
8 0.830185	0.0134241
9 0.794054	0.0217708
10 0.776912	0.0359213
11 0.77974	0.0592602
12 0.854294	0.101378
# INSIDE FILES LOOP
# new_prof_[18]
0 0.861605	0.000148907
1 1.46929	0.000289666
2 2.48698	0.000643014
3 3.361	0.00121447
4 4.24211	0.00220233
5 5.13772	0.00389719
6 6.00389	0.00681781
7 6.82932	0.0117003
8 7.64813	0.0201881
9 8.48053	0.0348526
10 9.29663	0.0589771
11 10.1322	0.100723
12 10.928	0.177611
# new_prof_[19]
0 0.732577	0.000145722
1 1.52112	0.000284415
2 2.701	0.000644552
3 3.74497	0.0012302
4 4.79591	0.00225301
5 5.86355	0.00401238
6 6.90179	0.00702186
7 7.90364	0.0119985
8 8.89112	0.0207441
9 9.87826	0.0356213
10 10.8909	0.0612858
11 11.8521	0.103183
12 12.9354	0.187593
# new_prof_[20]
0 1.173	0.000250579
1 1.34418	0.000439412
2 1.97041	0.000945723
3 2.43426	0.00173405
4 2.90546	0.00309009
5 3.38588	0.00541835
6 3.83677	0.00948632
7 4.23642	0.0165189
8 4.64811	0.0285523
9 5.10703	0.049958
10 5.44885	0.0848934
11 5.98112	0.155259
12 6.08315	0.286521
# new_prof_[21]
0 1.01857	0.000193285
1 0.970118	0.00028385
2 1.08962	0.000547173
3 1.15868	0.000933942
4 1.22219	0.00158438
5 1.28306	0.00267088
6 1.34051	0.00454734
7 1.39166	0.0077596
8 1.43466	0.0130145
9 1.50683	0.0220061
10 1.52554	0.0364341
11 1.49431	0.0621477
12 1.61336	0.117621
# new_prof_[22]
0 1.02964	0.000237718
1 0.94657	0.000347067
2 1.04714	0.000669394
3 1.0967	0.00114152
4 1.14034	0.00192821
5 1.1904	0.00324627
6 1.22736	0.00548776
7 1.27136	0.00936036
8 1.29021	0.0157529
9 1.37892	0.0270421
10 1.36232	0.0429689
11 1.34216	0.0757334
12 1.3746	0.132615
# new_prof_[23]
0 1.00715	0.00023982
1 0.994184	0.000359418
2 1.1331	0.000700892
3 1.22212	0.00120649
4 1.30599	0.00206169
5 1.37794	0.0035075
6 1.4564	0.00599725
7 1.51486	0.0102225
8 1.58262	0.0170621
9 1.63783	0.0288846
10 1.69273	0.0504049
11 1.65017	0.0848503
12 1.85799	0.168868
# new_prof_[24]
0 0.963391	0.000169992
1 0.996716	0.000258994
2 0.954623	0.000472808
3 0.933805	0.000783095
4 0.913269	0.00128999
5 0.895037	0.0021231
6 0.879037	0.00349936
7 0.872219	0.00586112
8 0.846011	0.00953257
9 0.81983	0.0155322
10 0.830967	0.0262025
11 0.811655	0.0438494
12 0.833444	0.0787001
# new_prof_[25]
0 0.992816	0.00022849
1 0.949282	0.000341734
2 0.948765	0.000629175
3 0.938613	0.00104329
4 0.92988	0.00172322
5 0.918126	0.00284299
6 0.907145	0.00469366
7 0.897987	0.00780581
8 0.885153	0.0129228
9 0.858031	0.0214199
10 0.857559	0.035598
11 0.849348	0.0596563
12 0.902102	0.106176
# new_prof_[26]
0 0.931985	0.0002354
1 1.04734	0.00037005
2 0.960876	0.000664148
3 0.928673	0.00109349
4 0.895539	0.0017886
5 0.870394	0.00292481
6 0.849035	0.00480138
7 0.844715	0.00799984
8 0.804232	0.0129441
9 0.779056	0.0213766
10 0.802583	0.0355636
11 0.771422	0.0582319
12 0.760161	0.102475
# INSIDE FILES LOOP
# new_prof_[27]
0 0.858848	0.000148362
1 1.46452	0.000288608
2 2.48038	0.000642237
3 3.356	0.00121605
4 4.23168	0.00220642
5 5.13195	0.00394837
6 5.99752	0.00688232
7 6.83034	0.0117548
8 7.66264	0.0201465
9 8.44942	0.0341516
10 9.17259	0.059194
11 10.0294	0.0975197
12 10.9438	0.182203
# new_prof_[28]
0 0.729161	0.000144826
1 1.51485	0.000282513
2 2.69216	0.000642379
3 3.73689	0.00122958
4 4.78392	0.00225453
5 5.8544	0.00405619
6 6.89259	0.00705963
7 7.90072	0.0120693
8 8.92272	0.0206297
9 9.83554	0.0347653
10 10.7459	0.0598379
11 11.8467	0.105646
12 13.0596	0.193045
# new_prof_[29]
0 1.17184	0.000250393
1 1.34303	0.00043937
2 1.96924	0.000946269
3 2.43671	0.00173828
4 2.89881	0.0030905
5 3.38828	0.00549078
6 3.83721	0.00957327
7 4.24693	0.0165067
8 4.62138	0.0286616
9 5.10395	0.049549
10 5.37544	0.0873259
11 5.64334	0.144725
12 5.83728	0.276
# new_prof_[30]
0 1.01891	0.000193203
1 0.97037	0.000284008
2 1.08825	0.000547041
3 1.15869	0.000935308
4 1.22004	0.00158593
5 1.27679	0.00268754
6 1.33862	0.00458056
7 1.39401	0.00776899
8 1.43086	0.0129138
9 1.49709	0.0220538
10 1.56927	0.0385396
11 1.63208	0.0689878
12 1.48853	0.114379
# new_prof_[31]
0 1.03063	0.000237751
1 0.947036	0.000347307
2 1.04588	0.000669729
3 1.09548	0.00114222
4 1.14028	0.00192923
5 1.18189	0.00327612
6 1.2319	0.00557552
7 1.27017	0.00933583
8 1.28822	0.0155805
9 1.36795	0.0266941
10 1.38129	0.0457251
11 1.41486	0.0817391
12 1.29696	0.136505
# new_prof_[32]
0 1.00681	0.000239603
1 0.994215	0.000359444
2 1.13159	0.000701008
3 1.22339	0.00120904
4 1.30171	0.00206509
5 1.37397	0.00352437
6 1.44791	0.00598771
7 1.52084	0.0102218
8 1.57697	0.0172183
9 1.62936	0.0290237
10 1.76184	0.0511574
11 1.85463	0.0873749
12 1.68479	0.14228
# new_prof_[33]
0 0.96328	0.000169969
1 0.996432	0.000258946
2 0.954743	0.000473407
3 0.933218	0.00078418
4 0.914446	0.00129142
5 0.895919	0.00214135
6 0.885249	0.00352953
7 0.863218	0.00584091
8 0.843757	0.00972034
9 0.853376	0.0159029
10 0.791833	0.0264222
11 0.802901	0.0416762
12 0.863665	0.07868
# new_prof_[34]
0 0.992212	0.000228454
1 0.949011	0.000341642
2 0.950095	0.00062987
3 0.938676	0.00104602
4 0.931026	0.00172758
5 0.916921	0.00287054
6 0.915291	0.00474134
7 0.886676	0.00779301
8 0.870208	0.0129254
9 0.884554	0.0214409
10 0.812614	0.0349644
11 0.872777	0.0594236
12 0.872777	0.104419
# new_prof_[35]
0 0.932399	0.00023538
1 1.04705	0.000370094
2 0.959704	0.000664886
3 0.927393	0.00109405
4 0.89675	0.00179244
5 0.873501	0.00295814
6 0.853184	0.00485358
7 0.838179	0.00794462
8 0.815525	0.01314
9 0.820098	0.0214718
10 0.769652	0.0357409
11 0.728318	0.0577166
12 0.853939	0.106167
# INSIDE FILES LOOP
# new_prof_[36]
0 0.856456	0.00014799
1 1.45983	0.000287867
2 2.47356	0.000641108
3 3.34901	0.00121615
4 4.22339	0.00220688
5 5.12074	0.00392198
6 5.98167	0.00682634
7 6.8353	0.0118625
8 7.6307	0.020445
9 8.42374	0.0356266
10 9.24589	0.0595167
11 9.98502	0.0990421
12 10.9435	0.152272
# new_prof_[37]
0 0.726841	0.000144334
1 1.51016	0.000281495
2 2.68533	0.000640483
3 3.72909	0.00122828
4 4.77372	0.00225211
5 5.84413	0.00403023
6 6.87694	0.00702245
7 7.90156	0.0121439
8 8.86535	0.0208664
9 9.80577	0.0359174
10 10.8162	0.0604864
11 11.6611	0.103013
12 12.8399	0.139067
# new_prof_[38]
0 1.16927	0.000250215
1 1.33836	0.000439115
2 1.96242	0.000947196
3 2.43166	0.0017427
4 2.89512	0.00309891
5 3.3748	0.00545937
6 3.8209	0.00950839
7 4.26182	0.0166517
8 4.65082	0.029005
9 5.08816	0.0510285
10 5.45592	0.0882727
11 5.93972	0.1493
12 6.36631	0.293401
# new_prof_[39]
0 1.0183	0.00019326
1 0.969271	0.000283865
2 1.08822	0.000548455
3 1.15754	0.00093759
4 1.2214	0.0015873
5 1.28561	0.00270812
6 1.33962	0.00457089
7 1.39868	0.00779442
8 1.42763	0.0131309
9 1.45329	0.0216673
10 1.56838	0.0375032
11 1.50362	0.0650066
12 1.62772	0.10213
# new_prof_[40]
0 1.02954	0.000237758
1 0.94605	0.000347182
2 1.04555	0.000670915
3 1.09387	0.00114465
4 1.13918	0.00193713
5 1.19193	0.00329609
6 1.23208	0.00557878
7 1.28068	0.00943357
8 1.30246	0.0156931
9 1.29517	0.0263055
10 1.3521	0.0443971
11 1.37893	0.0766844
12 1.63679	0.130331
# new_prof_[41]
0 1.00669	0.000239702
1 0.993001	0.000359349
2 1.13187	0.000702668
3 1.22273	0.00121276
4 1.30559	0.00206483
5 1.38153	0.00354821
6 1.44975	0.00600024
7 1.51954	0.0102295
8 1.55584	0.0175385
9 1.61526	0.0287698
10 1.78997	0.0524561
11 1.63132	0.0864923
12 1.61829	0.121502
# new_prof_[42]
0 0.963308	0.000169944
1 0.996556	0.00025905
2 0.954914	0.000474305
3 0.932233	0.000785876
4 0.912553	0.00129392
5 0.901923	0.00215182
6 0.875968	0.00352908
7 0.851261	0.00575432
8 0.841238	0.00968572
9 0.852513	0.0162228
10 0.827651	0.0275911
11 0.811505	0.0464541
12 0.865243	0.0736975
# new_prof_[43]
0 0.992131	0.000228449
1 0.948892	0.000341843
2 0.950642	0.000631484
3 0.938774	0.00104821
4 0.929402	0.00173091
5 0.925723	0.0028788
6 0.910977	0.00473784
7 0.888331	0.00778789
8 0.885694	0.0131232
9 0.880469	0.0217778
10 0.85819	0.0358071
11 0.845518	0.0611585
12 0.806438	0.0925186
# new_prof_[44]
0 0.932543	0.000235382
1 1.04743	0.000370214
2 0.959473	0.000665765
3 0.925252	0.00109778
4 0.894569	0.00179403
5 0.87652	0.00296282
6 0.838601	0.00483248
7 0.811693	0.00790925
8 0.793787	0.0130479
9 0.822675	0.0223127
10 0.795056	0.036774
11 0.775202	0.064109
12 0.928009	0.101251
# END LOOP
