# INSIDE FILES LOOP
# new_prof_[0]
0 0.835944	0.000135844
1 1.36633	0.000271043
2 2.32852	0.000671716
3 3.13076	0.00140232
4 3.94065	0.002826
5 4.78046	0.00558387
6 5.63001	0.0110637
7 6.38002	0.0212916
8 7.17553	0.0414784
9 7.98646	0.0765576
10 9.03909	0.129784
11 9.81251	0.278238
12 10.5872	0.280213
# new_prof_[1]
0 0.698701	0.000131257
1 1.40545	0.000258861
2 2.50952	0.000653623
3 3.46495	0.00137455
4 4.42472	0.00280303
5 5.41804	0.00560012
6 6.4326	0.0111647
7 7.33982	0.0213005
8 8.28661	0.0427951
9 9.33431	0.0810126
10 10.6892	0.154193
11 11.7675	0.337114
12 13.5119	0.365772
# new_prof_[2]
0 1.16773	0.000237871
1 1.27176	0.00043554
2 1.891	0.00105575
3 2.3229	0.00214708
4 2.77044	0.00424037
5 3.23918	0.00830523
6 3.68983	0.0162702
7 4.05981	0.0316869
8 4.4896	0.061087
9 4.72815	0.111279
10 5.05005	0.212923
11 5.08638	0.439812
12 3.51687	0.524264
# new_prof_[3]
0 1.03151	0.000186221
1 0.966305	0.000288229
2 1.092	0.000626911
3 1.162	0.00118587
4 1.22222	0.00222952
5 1.28666	0.00424305
6 1.35689	0.00801024
7 1.40556	0.0154334
8 1.43739	0.028474
9 1.38629	0.0521012
10 1.36854	0.0823068
11 1.52158	0.200158
12 1.74427	0.243167
# new_prof_[4]
0 1.04153	0.000228962
1 0.937681	0.000351521
2 1.04146	0.000763699
3 1.08589	0.00143945
4 1.12524	0.00269748
5 1.17029	0.0050956
6 1.22709	0.00961944
7 1.25454	0.0184185
8 1.30594	0.0341062
9 1.24902	0.0649141
10 1.26959	0.102998
11 1.38187	0.228208
12 1.67206	0.298472
# new_prof_[5]
0 1.02116	0.000231302
1 0.995573	0.000365473
2 1.14373	0.000804229
3 1.23993	0.00153601
4 1.32156	0.00290789
5 1.40587	0.00558912
6 1.48985	0.0105711
7 1.56028	0.0205034
8 1.57204	0.037367
9 1.52692	0.0698659
10 1.46988	0.11389
11 1.66469	0.226225
12 1.81817	0.312406
# new_prof_[6]
0 0.960718	0.00016301
1 1.0026	0.000263717
2 0.958402	0.000541048
3 0.939872	0.000993583
4 0.919755	0.0018183
5 0.899951	0.00335668
6 0.879615	0.00616045
7 0.881772	0.0116211
8 0.854285	0.0213441
9 0.876773	0.0403588
10 0.7602	0.0665441
11 0.74279	0.144452
12 1.08943	0.214958
# new_prof_[7]
0 0.992548	0.000219301
1 0.940936	0.000346677
2 0.942135	0.000718098
3 0.930669	0.00131856
4 0.921794	0.002417
5 0.91685	0.00447726
6 0.903024	0.00824643
7 0.899526	0.0151755
8 0.838182	0.0275245
9 0.909015	0.0515642
10 0.719279	0.0831417
11 0.809188	0.19407
12 1.12088	0.258463
# new_prof_[8]
0 0.926735	0.000225484
1 1.06842	0.000378708
2 0.975767	0.000762738
3 0.949695	0.00139501
4 0.917576	0.00253948
5 0.881909	0.0046305
6 0.854621	0.00849803
7 0.862817	0.016101
8 0.871474	0.0299169
9 0.842349	0.0521433
10 0.803884	0.0893805
11 0.671903	0.163074
12 1.05585	0.294462
# INSIDE FILES LOOP
# new_prof_[9]
0 0.832703	0.000134994
1 1.36199	0.000269533
2 2.31973	0.000667862
3 3.1187	0.00139108
4 3.92399	0.00282325
5 4.75758	0.00560447
6 5.59404	0.0109411
7 6.41291	0.021392
8 7.15659	0.0395254
9 7.9608	0.0810031
10 8.45881	0.166442
11 9.23594	0.230189
12 10.4663	0.330547
# new_prof_[10]
0 0.695354	0.000129894
1 1.3988	0.000256163
2 2.49785	0.000646434
3 3.44803	0.00135737
4 4.40114	0.00277766
5 5.39416	0.00558112
6 6.38038	0.0109408
7 7.34386	0.0215918
8 8.24175	0.0397565
9 9.24813	0.081706
10 10.0623	0.178423
11 10.8335	0.248161
12 13.0876	0.461012
# new_prof_[11]
0 1.16474	0.00023754
1 1.27301	0.000435433
2 1.88916	0.00105608
3 2.32261	0.0021449
4 2.77053	0.00426923
5 3.21871	0.00838497
6 3.69312	0.0164169
7 4.16244	0.0317313
8 4.53331	0.0598655
9 4.8488	0.123091
10 4.58259	0.252007
11 5.37394	0.392029
12 4.12966	0.65205
# new_prof_[12]
0 1.03059	0.000185697
1 0.966177	0.000288117
2 1.09166	0.000627123
3 1.16172	0.00118813
4 1.22375	0.00224394
5 1.29542	0.00428899
6 1.35023	0.00811365
7 1.42706	0.0153586
8 1.46478	0.0287411
9 1.46882	0.0543758
10 1.44287	0.111649
11 1.47357	0.206884
12 1.02604	0.206142
# new_prof_[13]
0 1.03814	0.000228533
1 0.937121	0.000351141
2 1.04063	0.000763149
3 1.08467	0.00144069
4 1.13107	0.00271587
5 1.1742	0.00514209
6 1.21885	0.00972552
7 1.2775	0.0185107
8 1.31358	0.0349153
9 1.26146	0.0664552
10 1.21605	0.118287
11 1.32601	0.231495
12 1.01337	0.248009
# new_prof_[14]
0 1.02276	0.00023066
1 0.995889	0.000365615
2 1.14389	0.000805299
3 1.24063	0.00154026
4 1.31867	0.00292558
5 1.4196	0.00565522
6 1.48481	0.0107482
7 1.58028	0.0202124
8 1.61968	0.0376555
9 1.68129	0.0714984
10 1.67531	0.156019
11 1.62474	0.247944
12 1.03895	0.237107
# new_prof_[15]
0 0.963711	0.000162878
1 1.00243	0.000263593
2 0.958525	0.0005414
3 0.937506	0.00099459
4 0.919214	0.00182823
5 0.900977	0.00337673
6 0.879499	0.00623726
7 0.887704	0.0115953
8 0.841274	0.0207322
9 0.898437	0.0396998
10 0.800047	0.0693366
11 0.630187	0.0998339
12 1.27667	0.21064
# new_prof_[16]
0 0.995075	0.000218888
1 0.941134	0.00034663
2 0.943168	0.000718022
3 0.929566	0.00131848
4 0.920056	0.0024324
5 0.91251	0.00449157
6 0.895276	0.00829467
7 0.917802	0.0157363
8 0.886106	0.0286027
9 0.886414	0.0540084
10 0.774723	0.0997102
11 0.715453	0.162185
12 1.15384	0.283512
# new_prof_[17]
0 0.930225	0.000225117
1 1.06787	0.000378617
2 0.974918	0.000763355
3 0.945981	0.0013964
4 0.918313	0.00254816
5 0.888662	0.00466448
6 0.862653	0.00861811
7 0.855569	0.0159495
8 0.793412	0.0284117
9 0.911271	0.0554588
10 0.827081	0.109319
11 0.539156	0.161598
12 1.4078	0.29621
# INSIDE FILES LOOP
# new_prof_[18]
0 0.83335	0.000135379
1 1.36127	0.000269824
2 2.32138	0.00066983
3 3.12489	0.00140591
4 3.93264	0.00283744
5 4.77922	0.00562922
6 5.59219	0.0109934
7 6.38918	0.0213032
8 7.17836	0.0414948
9 7.93484	0.0794457
10 8.98047	0.15101
11 9.49808	0.228756
12 9.82314	0.452289
# new_prof_[19]
0 0.695579	0.000130451
1 1.3992	0.000256711
2 2.50002	0.000649102
3 3.45535	0.00137231
4 4.41252	0.00279873
5 5.40854	0.00560628
6 6.38133	0.0109912
7 7.33903	0.0215746
8 8.31251	0.0427284
9 9.2321	0.0799411
10 10.3517	0.151961
11 11.4769	0.287833
12 12.208	0.621387
# new_prof_[20]
0 1.16641	0.000237772
1 1.26957	0.000435208
2 1.88955	0.00105761
3 2.32604	0.00215853
4 2.77259	0.00427951
5 3.2579	0.00841066
6 3.68451	0.016337
7 4.09303	0.0310593
8 4.43666	0.0601729
9 4.79883	0.120584
10 5.66555	0.257988
11 4.71445	0.450819
12 4.05793	0.687198
# new_prof_[21]
0 1.03142	0.000186146
1 0.965732	0.000287975
2 1.09104	0.00062674
3 1.16141	0.00119134
4 1.22446	0.00223855
5 1.29453	0.00426776
6 1.35187	0.00810802
7 1.41399	0.0154897
8 1.48788	0.0293669
9 1.59275	0.055591
10 1.43722	0.11998
11 1.55211	0.166512
12 1.00631	0.211527
# new_prof_[22]
0 1.04135	0.000228933
1 0.936827	0.000351125
2 1.03956	0.000763806
3 1.08568	0.00144312
4 1.13105	0.00271488
5 1.1832	0.00515261
6 1.22591	0.0097545
7 1.27533	0.0183892
8 1.32229	0.0350275
9 1.39928	0.0653249
10 1.27417	0.121639
11 1.28818	0.192155
12 1.16927	0.293665
# new_prof_[23]
0 1.02116	0.000231236
1 0.995289	0.000365338
2 1.14373	0.000805036
3 1.23895	0.00154373
4 1.32012	0.00292067
5 1.40856	0.00557935
6 1.48091	0.010626
7 1.55603	0.0205851
8 1.65754	0.0387047
9 1.79098	0.0720755
10 1.60426	0.160378
11 1.82257	0.198202
12 0.839154	0.322356
# new_prof_[24]
0 0.960478	0.000162991
1 1.00249	0.00026364
2 0.959435	0.000541783
3 0.935722	0.000994526
4 0.916644	0.00182584
5 0.900181	0.00335924
6 0.890501	0.00623582
7 0.873836	0.0113864
8 0.850319	0.021853
9 0.864969	0.0383248
10 0.931219	0.0798098
11 0.848229	0.129894
12 0.942772	0.323195
# new_prof_[25]
0 0.992486	0.00021929
1 0.941373	0.000346683
2 0.944584	0.0007189
3 0.928965	0.00132061
4 0.918308	0.00242544
5 0.911046	0.00447084
6 0.904253	0.00823226
7 0.906689	0.0152789
8 0.897839	0.0289398
9 0.851007	0.0517843
10 0.95992	0.112632
11 0.905194	0.173053
12 1.06509	0.347992
# new_prof_[26]
0 0.926305	0.000225459
1 1.06774	0.000378524
2 0.975287	0.000763774
3 0.942934	0.00139545
4 0.914865	0.00254704
5 0.88858	0.0046551
6 0.875817	0.00860687
7 0.838759	0.0157769
8 0.799586	0.0291358
9 0.879873	0.0545103
10 0.900576	0.111174
11 0.787412	0.15099
12 0.812191	0.366006
# INSIDE FILES LOOP
# new_prof_[27]
0 0.833126	0.000135355
1 1.36132	0.000269743
2 2.32129	0.00066984
3 3.12183	0.00140123
4 3.93512	0.00282881
5 4.78278	0.00567918
6 5.60151	0.0110315
7 6.43995	0.0215947
8 7.174	0.0418282
9 8.02842	0.0797075
10 8.95977	0.151885
11 9.55784	0.225415
12 11.0563	0.407376
# new_prof_[28]
0 0.695387	0.00013041
1 1.39893	0.000256657
2 2.50035	0.0006492
3 3.45294	0.0013682
4 4.41624	0.00279664
5 5.41521	0.00565608
6 6.38558	0.0110291
7 7.37722	0.0216554
8 8.3083	0.0430715
9 9.35946	0.0836991
10 10.6294	0.169242
11 11.6955	0.259333
12 13.586	0.443239
# new_prof_[29]
0 1.16611	0.000237716
1 1.27042	0.000435143
2 1.88844	0.00105698
3 2.3214	0.00215403
4 2.77209	0.00426052
5 3.25396	0.0084329
6 3.70609	0.016401
7 4.17418	0.0318845
8 4.43195	0.0597682
9 4.81073	0.113691
10 4.92362	0.216722
11 4.39012	0.370156
12 4.94106	0.740368
# new_prof_[30]
0 1.03131	0.000186106
1 0.965299	0.000287835
2 1.09006	0.000625599
3 1.16042	0.00118775
4 1.22496	0.00223783
5 1.2905	0.00423248
6 1.35209	0.00799897
7 1.39651	0.0151547
8 1.41946	0.0294715
9 1.50586	0.0565106
10 1.46871	0.08623
11 1.50461	0.123097
12 1.29421	0.234051
# new_prof_[31]
0 1.04159	0.0002289
1 0.937095	0.000350976
2 1.03891	0.000762188
3 1.08574	0.00144051
4 1.12781	0.00270505
5 1.17471	0.00510533
6 1.21468	0.00963004
7 1.26271	0.0182987
8 1.274	0.03543
9 1.32042	0.065829
10 1.30291	0.104025
11 1.33856	0.155611
12 1.38187	0.322735
# new_prof_[32]
0 1.0207	0.000231107
1 0.994137	0.000365061
2 1.14241	0.000803396
3 1.23688	0.00153848
4 1.32446	0.0029307
5 1.40911	0.00557836
6 1.49285	0.0106235
7 1.53356	0.0200973
8 1.56848	0.0380059
9 1.69585	0.0715518
10 1.63858	0.122278
11 1.67473	0.181111
12 1.20424	0.282141
# new_prof_[33]
0 0.9606	0.000162973
1 1.00305	0.000263577
2 0.958658	0.000541381
3 0.937673	0.000994429
4 0.921499	0.00182733
5 0.895909	0.00335985
6 0.887266	0.0061552
7 0.859233	0.0113176
8 0.845224	0.0213584
9 0.823968	0.0384721
10 0.799561	0.0600162
11 0.731704	0.0983339
12 0.835639	0.181428
# new_prof_[34]
0 0.992325	0.000219264
1 0.941989	0.000346492
2 0.943097	0.000718039
3 0.928263	0.00131989
4 0.924162	0.00243042
5 0.913877	0.00449656
6 0.912886	0.00828962
7 0.903296	0.0153444
8 0.871255	0.0282797
9 0.857264	0.0510037
10 0.791207	0.0889995
11 0.767588	0.144361
12 0.809188	0.207343
# new_prof_[35]
0 0.926728	0.000225433
1 1.06823	0.000378559
2 0.975269	0.000763037
3 0.947717	0.00139704
4 0.918655	0.0025463
5 0.876725	0.00464277
6 0.859912	0.00849869
7 0.812191	0.0154971
8 0.817431	0.0292701
9 0.788419	0.0526653
10 0.808478	0.0897732
11 0.693393	0.129093
12 0.863876	0.259663
# INSIDE FILES LOOP
# new_prof_[36]
0 0.830744	0.000134945
1 1.35662	0.00026641
2 2.31394	0.000668039
3 3.11287	0.00140076
4 3.9228	0.00283925
5 4.75895	0.00565328
6 5.58509	0.0111258
7 6.38157	0.0211668
8 7.12623	0.0423086
9 7.8796	0.072131
10 8.67834	0.141815
11 10.0904	0.356445
12 10.7821	0.323192
# new_prof_[37]
0 0.692932	0.000129903
1 1.39337	0.000253177
2 2.49232	0.000646637
3 3.44319	0.00136573
4 4.40265	0.00279755
5 5.38999	0.00560985
6 6.37266	0.011082
7 7.32091	0.021087
8 8.22507	0.0421294
9 9.16826	0.0742995
10 10.1409	0.147908
11 11.6981	0.351696
12 13.4898	0.44211
# new_prof_[38]
0 1.1639	0.000237518
1 1.2678	0.000430719
2 1.88273	0.00105679
3 2.31436	0.0021582
4 2.76282	0.00428355
5 3.23346	0.00848488
6 3.68121	0.0165428
7 4.11082	0.0315237
8 4.46987	0.0646544
9 4.76439	0.109024
10 5.14279	0.236067
11 6.204	0.544164
12 4.23623	0.855463
# new_prof_[39]
0 1.03089	0.00018602
1 0.970418	0.000285971
2 1.09055	0.000627732
3 1.16054	0.00119381
4 1.22356	0.00224605
5 1.28485	0.00427434
6 1.34804	0.0081134
7 1.41632	0.0153608
8 1.4766	0.0295575
9 1.41232	0.0499112
10 1.453	0.0907199
11 1.74061	0.202474
12 1.00039	0.218336
# new_prof_[40]
0 1.04094	0.000228815
1 0.94206	0.000348541
2 1.04027	0.000764851
3 1.08375	0.00144624
4 1.12776	0.00271354
5 1.17708	0.00517013
6 1.20847	0.0097889
7 1.26937	0.018362
8 1.308	0.0354908
9 1.1922	0.0593318
10 1.31005	0.109594
11 1.52006	0.211033
12 0.912034	0.225461
# new_prof_[41]
0 1.0205	0.000231081
1 0.999414	0.000362485
2 1.142	0.000805579
3 1.23917	0.00154829
4 1.32169	0.00293813
5 1.39525	0.00560944
6 1.49101	0.0107189
7 1.56686	0.020251
8 1.64933	0.0389253
9 1.63788	0.068783
10 1.59944	0.133639
11 1.96659	0.292449
12 1.0909	0.332424
# new_prof_[42]
0 0.960472	0.000162979
1 1.00282	0.000261337
2 0.959387	0.000542681
3 0.937117	0.000997756
4 0.919328	0.00183262
5 0.902386	0.00339948
6 0.890437	0.00630798
7 0.853072	0.0112961
8 0.815595	0.0206771
9 0.827083	0.0380261
10 0.759283	0.0647965
11 0.997019	0.12153
12 0.612802	0.151489
# new_prof_[43]
0 0.99211	0.000219275
1 0.949967	0.000344714
2 0.94379	0.000719695
3 0.932349	0.0013269
4 0.927992	0.00243982
5 0.915876	0.00451827
6 0.920139	0.00845697
7 0.881944	0.0150473
8 0.849251	0.0280323
9 0.872654	0.0519968
10 0.819836	0.0891082
11 0.847721	0.151042
12 0.692306	0.210963
# new_prof_[44]
0 0.926695	0.000225459
1 1.05924	0.000376482
2 0.976036	0.000765086
3 0.942206	0.0013994
4 0.910077	0.00255281
5 0.887981	0.00470286
6 0.858725	0.00859071
7 0.822247	0.0156416
8 0.779664	0.028544
9 0.778429	0.0524888
10 0.694637	0.085135
11 1.1564	0.203642
12 0.527924	0.204464
# END LOOP
