# INSIDE FILES LOOP
# new_prof_[0]
0 0.861126	0.000148845
1 1.46912	0.000289558
2 2.48505	0.000642368
3 3.36253	0.00121423
4 4.24111	0.00220833
5 5.12837	0.00391024
6 6.00928	0.0067692
7 6.84564	0.0116767
8 7.67358	0.0199022
9 8.49884	0.0344253
10 9.21374	0.061449
11 9.94015	0.0982167
12 10.7352	0.160714
# new_prof_[1]
0 0.732377	0.000145721
1 1.52113	0.000284407
2 2.69975	0.000644252
3 3.74578	0.00123018
4 4.79562	0.00226114
5 5.85458	0.00402922
6 6.91257	0.00698052
7 7.91881	0.0120739
8 8.93085	0.0203204
9 9.91744	0.0353647
10 10.7994	0.0628868
11 11.7234	0.0999431
12 12.6626	0.155435
# new_prof_[2]
0 1.17159	0.000250264
1 1.34373	0.000439054
2 1.96733	0.000943926
3 2.43835	0.0017333
4 2.90396	0.00308946
5 3.37717	0.00542832
6 3.8311	0.00942146
7 4.2578	0.0163248
8 4.6418	0.0281426
9 5.07802	0.0493668
10 5.38998	0.0895556
11 5.64007	0.145753
12 6.08738	0.270878
# new_prof_[3]
0 1.01819	0.000193243
1 0.970571	0.000283981
2 1.08931	0.000546494
3 1.15827	0.000933576
4 1.22021	0.00158059
5 1.28761	0.00268914
6 1.33431	0.00449742
7 1.38637	0.00761053
8 1.44343	0.0128331
9 1.48578	0.022004
10 1.56736	0.0378084
11 1.51355	0.0604264
12 1.56531	0.105073
# new_prof_[4]
0 1.02932	0.000237734
1 0.947202	0.000347223
2 1.04706	0.000669064
3 1.09598	0.00114014
4 1.14068	0.00192667
5 1.19304	0.00326799
6 1.22673	0.0054653
7 1.2692	0.00923269
8 1.30497	0.0154527
9 1.34742	0.0265123
10 1.39706	0.0456858
11 1.33758	0.0701351
12 1.42724	0.116299
# new_prof_[5]
0 1.0067	0.00023964
1 0.994458	0.000359622
2 1.13253	0.000699912
3 1.22204	0.00120629
4 1.30163	0.00205906
5 1.38445	0.00352626
6 1.44449	0.00593865
7 1.50637	0.0100642
8 1.58524	0.0171823
9 1.6275	0.0291709
10 1.74182	0.0511334
11 1.69382	0.0848296
12 1.70672	0.142487
# new_prof_[6]
0 0.963014	0.00016999
1 0.996022	0.000258938
2 0.954659	0.000472346
3 0.932086	0.00078223
4 0.91676	0.00129354
5 0.897098	0.00213059
6 0.878878	0.00349641
7 0.866114	0.00581136
8 0.84873	0.00952525
9 0.821268	0.0158314
10 0.804258	0.0266531
11 0.773001	0.0417772
12 0.909953	0.072938
# new_prof_[7]
0 0.991941	0.000228443
1 0.948449	0.000341445
2 0.949674	0.000628701
3 0.936921	0.00104292
4 0.931161	0.00172757
5 0.918777	0.0028544
6 0.906107	0.00468882
7 0.897425	0.00776169
8 0.866129	0.0126823
9 0.837241	0.0210165
10 0.841547	0.0354588
11 0.803933	0.0545372
12 0.87417	0.0914699
# new_prof_[8]
0 0.932114	0.00023542
1 1.04684	0.000370143
2 0.959984	0.000663954
3 0.926921	0.00109239
4 0.901376	0.0017902
5 0.87394	0.00293528
6 0.849791	0.0047906
7 0.832666	0.00795648
8 0.830144	0.0129934
9 0.804206	0.0218817
10 0.764425	0.0367638
11 0.739958	0.0608673
12 0.948179	0.103962
# INSIDE FILES LOOP
# new_prof_[9]
0 0.85888	0.000148227
1 1.46475	0.000288205
2 2.47884	0.000640484
3 3.35128	0.0012126
4 4.2296	0.00220827
5 5.12119	0.00391129
6 5.99264	0.00680064
7 6.83974	0.0117619
8 7.62798	0.0201959
9 8.43114	0.0357221
10 9.27107	0.0584826
11 10.0386	0.100047
12 10.3748	0.169594
# new_prof_[10]
0 0.728854	0.000144584
1 1.51454	0.000281928
2 2.69026	0.000639958
3 3.73122	0.00122487
4 4.77828	0.00225365
5 5.84274	0.00400944
6 6.88677	0.00698472
7 7.89764	0.0120857
8 8.85801	0.0206887
9 9.83284	0.0362769
10 10.8578	0.0604969
11 11.7665	0.0986395
12 12.3079	0.169817
# new_prof_[11]
0 1.17242	0.000250352
1 1.34469	0.000439198
2 1.969	0.000944963
3 2.43508	0.00173551
4 2.9065	0.00309626
5 3.38124	0.00546167
6 3.83654	0.00951021
7 4.2887	0.0165248
8 4.66189	0.0285449
9 5.05108	0.0508199
10 5.44494	0.0864412
11 5.87193	0.155606
12 5.71337	0.25461
# new_prof_[12]
0 1.01882	0.000193343
1 0.970231	0.00028392
2 1.08881	0.000547347
3 1.15851	0.00093521
4 1.21903	0.00158659
5 1.27841	0.0026925
6 1.33489	0.0045477
7 1.38999	0.00771984
8 1.43408	0.0131145
9 1.4907	0.0225613
10 1.53278	0.0381534
11 1.6075	0.0707996
12 1.5165	0.105238
# new_prof_[13]
0 1.03017	0.000237795
1 0.946748	0.000347142
2 1.04695	0.000669683
3 1.09571	0.00114216
4 1.13871	0.00193243
5 1.18834	0.00327796
6 1.22643	0.00550982
7 1.27491	0.00936344
8 1.28236	0.0157348
9 1.34552	0.0274429
10 1.34023	0.0450592
11 1.32353	0.0827956
12 1.41972	0.123679
# new_prof_[14]
0 1.00711	0.000239792
1 0.994236	0.000359408
2 1.13164	0.000700961
3 1.2228	0.00120879
4 1.30128	0.00206757
5 1.37064	0.00352042
6 1.44597	0.00598342
7 1.50784	0.0101322
8 1.58949	0.0175816
9 1.63941	0.0301027
10 1.73003	0.050405
11 1.89845	0.0890759
12 1.6156	0.140715
# new_prof_[15]
0 0.963382	0.000169959
1 0.996001	0.000258952
2 0.953793	0.000472297
3 0.933824	0.000784911
4 0.915488	0.00129418
5 0.898377	0.00214034
6 0.878332	0.00351476
7 0.863391	0.00580401
8 0.845546	0.00965648
9 0.847679	0.0164568
10 0.832627	0.0267171
11 0.803398	0.043988
12 0.833392	0.0774473
# new_prof_[16]
0 0.991943	0.000228334
1 0.948445	0.000341471
2 0.947931	0.000628746
3 0.937641	0.00104478
4 0.929205	0.00172673
5 0.921464	0.00286229
6 0.907708	0.00472788
7 0.895427	0.0077963
8 0.889971	0.0130879
9 0.895336	0.0221866
10 0.827821	0.0358998
11 0.822901	0.0575912
12 0.915802	0.106639
# new_prof_[17]
0 0.932872	0.00023547
1 1.0468	0.000370146
2 0.960054	0.000663589
3 0.929747	0.00109665
4 0.900835	0.00179743
5 0.873715	0.00295535
6 0.846951	0.00480557
7 0.82917	0.00795566
8 0.79809	0.0129272
9 0.796771	0.0223038
10 0.83776	0.037132
11 0.782564	0.0581998
12 0.74536	0.0970475
# INSIDE FILES LOOP
# new_prof_[18]
0 0.857406	0.000148153
1 1.4622	0.000288012
2 2.47735	0.000640998
3 3.35175	0.00121475
4 4.23355	0.00221291
5 5.12036	0.00392275
6 5.98059	0.00682051
7 6.81712	0.0117951
8 7.63301	0.0201606
9 8.4709	0.0349
10 9.16743	0.0568086
11 9.92202	0.0928358
12 10.9003	0.163439
# new_prof_[19]
0 0.727745	0.000144526
1 1.51221	0.000281694
2 2.68866	0.000640545
3 3.73238	0.0012274
4 4.78309	0.00226019
5 5.84218	0.00403002
6 6.875	0.00700911
7 7.88522	0.0120845
8 8.85878	0.0205558
9 9.8891	0.0359288
10 10.7453	0.0584901
11 11.6866	0.0952183
12 12.8602	0.165693
# new_prof_[20]
0 1.17006	0.000250201
1 1.34158	0.000439098
2 1.96778	0.000946251
3 2.4339	0.00173879
4 2.90838	0.00309991
5 3.37975	0.00546262
6 3.82381	0.00950871
7 4.2415	0.0165598
8 4.6772	0.0285227
9 5.05105	0.0490032
10 5.36254	0.080912
11 5.66688	0.1413
12 6.17403	0.278227
# new_prof_[21]
0 1.01813	0.00019327
1 0.969657	0.000283749
2 1.088	0.000547796
3 1.15917	0.000938046
4 1.22394	0.00158919
5 1.2785	0.00269551
6 1.33863	0.00455255
7 1.37638	0.00761201
8 1.44374	0.0129684
9 1.49965	0.0225296
10 1.51346	0.0366259
11 1.6096	0.0618519
12 1.68049	0.107038
# new_prof_[22]
0 1.02957	0.000237776
1 0.946745	0.000347167
2 1.04571	0.000670135
3 1.09495	0.00114463
4 1.14151	0.00193511
5 1.18667	0.00327974
6 1.23272	0.00552369
7 1.2543	0.00921243
8 1.30668	0.0155502
9 1.31886	0.0269535
10 1.33388	0.0442382
11 1.37745	0.0717262
12 1.56169	0.131592
# new_prof_[23]
0 1.00633	0.000239722
1 0.993076	0.000359228
2 1.13127	0.000701911
3 1.22492	0.001213
4 1.30835	0.00207227
5 1.37254	0.00352891
6 1.4471	0.005972
7 1.50141	0.0101049
8 1.58412	0.01737
9 1.68486	0.0300631
10 1.69742	0.0484352
11 1.84744	0.0877983
12 1.80213	0.145119
# new_prof_[24]
0 0.962929	0.00016993
1 0.996002	0.000258926
2 0.954629	0.000473698
3 0.933198	0.000785685
4 0.914728	0.00129492
5 0.90012	0.00214573
6 0.883472	0.0035388
7 0.866595	0.00580564
8 0.840352	0.00952942
9 0.843451	0.0160387
10 0.836025	0.0258555
11 0.730758	0.0392479
12 0.875222	0.0728525
# new_prof_[25]
0 0.99124	0.000228328
1 0.947902	0.000341477
2 0.949707	0.000630182
3 0.938174	0.00104639
4 0.92932	0.001729
5 0.927392	0.00287185
6 0.912873	0.00475408
7 0.906276	0.00778516
8 0.869505	0.012875
9 0.875966	0.0214774
10 0.862807	0.0348768
11 0.752677	0.0542832
12 0.87417	0.0894707
# new_prof_[26]
0 0.932687	0.000235476
1 1.04738	0.000370239
2 0.959887	0.000664957
3 0.927882	0.00109791
4 0.89914	0.00179602
5 0.870988	0.00295294
6 0.852065	0.00484466
7 0.824207	0.00789966
8 0.80921	0.0130007
9 0.808718	0.0220408
10 0.807417	0.0360254
11 0.707343	0.0549127
12 0.876347	0.099208
# INSIDE FILES LOOP
# new_prof_[27]
0 0.856118	0.00014768
1 1.46222	0.000288121
2 2.47503	0.000640679
3 3.3475	0.00121227
4 4.23	0.00220459
5 5.11582	0.00390782
6 5.989	0.00682772
7 6.8201	0.0118447
8 7.65496	0.0200763
9 8.42611	0.0354
10 9.20479	0.0581373
11 9.99604	0.0987677
12 11.0146	0.167348
# new_prof_[28]
0 0.7277	0.000144029
1 1.51228	0.000281871
2 2.68708	0.000640231
3 3.72868	0.00122415
4 4.77928	0.00224873
5 5.83592	0.0040108
6 6.88318	0.0070109
7 7.89184	0.0121669
8 8.88941	0.0205223
9 9.83633	0.0362201
10 10.7846	0.059761
11 11.7674	0.106309
12 12.8946	0.170181
# new_prof_[29]
0 1.16578	0.000249647
1 1.34151	0.000439127
2 1.96367	0.000945436
3 2.42832	0.00173561
4 2.90546	0.00309619
5 3.37936	0.00545782
6 3.83276	0.00957433
7 4.23568	0.0166679
8 4.6782	0.028504
9 5.02551	0.0498079
10 5.39529	0.0853639
11 5.72463	0.148406
12 6.48113	0.266128
# new_prof_[30]
0 1.0147	0.000192907
1 0.969563	0.000283924
2 1.08794	0.000546921
3 1.15758	0.000935826
4 1.22094	0.00158738
5 1.27986	0.00268853
6 1.33582	0.00456512
7 1.38473	0.00772173
8 1.44018	0.0132213
9 1.50286	0.022683
10 1.50422	0.0341003
11 1.57525	0.0706219
12 1.56623	0.107413
# new_prof_[31]
0 1.02615	0.000237147
1 0.946117	0.000347168
2 1.04485	0.000669064
3 1.09431	0.00114186
4 1.13764	0.00193282
5 1.18703	0.00326753
6 1.23413	0.00555711
7 1.26063	0.00937521
8 1.29669	0.0157893
9 1.35038	0.0274276
10 1.38094	0.0430161
11 1.40441	0.0782474
12 1.20984	0.127168
# new_prof_[32]
0 1.00288	0.000239144
1 0.993528	0.000359554
2 1.13204	0.000701135
3 1.22235	0.00120945
4 1.30624	0.00206981
5 1.37491	0.00352667
6 1.43997	0.00598435
7 1.51184	0.010202
8 1.58715	0.0176089
9 1.65905	0.0298636
10 1.63048	0.0483306
11 1.75024	0.0955113
12 1.93143	0.143864
# new_prof_[33]
0 0.963367	0.000169394
1 0.995938	0.000259071
2 0.954021	0.000472732
3 0.934424	0.000784739
4 0.915058	0.0012934
5 0.895775	0.00213849
6 0.877914	0.00352996
7 0.866839	0.00583317
8 0.854694	0.0095535
9 0.84816	0.016466
10 0.83	0.0265879
11 0.766568	0.0469475
12 0.711889	0.0682099
# new_prof_[34]
0 0.995229	0.000227851
1 0.948484	0.000341592
2 0.948332	0.000629092
3 0.939865	0.00104607
4 0.930745	0.00172837
5 0.918734	0.00285778
6 0.911053	0.00474137
7 0.898861	0.00784394
8 0.887153	0.0129008
9 0.8913	0.0217466
10 0.8745	0.0355024
11 0.852241	0.0634112
12 0.793572	0.0965768
# new_prof_[35]
0 0.92933	0.000234908
1 1.04663	0.000370366
2 0.960098	0.000664627
3 0.928611	0.0010953
4 0.898301	0.00179337
5 0.87125	0.00294684
6 0.842513	0.00483885
7 0.832632	0.00800511
8 0.820021	0.0130759
9 0.802077	0.0219807
10 0.782463	0.0358606
11 0.67505	0.0619802
12 0.624632	0.088708
# INSIDE FILES LOOP
# new_prof_[36]
0 0.856456	0.00014799
1 1.45983	0.000287867
2 2.47356	0.000641108
3 3.34901	0.00121615
4 4.22339	0.00220688
5 5.12074	0.00392198
6 5.98167	0.00682634
7 6.8353	0.0118625
8 7.6307	0.020445
9 8.42374	0.0356266
10 9.24589	0.0595167
11 9.98502	0.0990421
12 10.9435	0.152272
# new_prof_[37]
0 0.726841	0.000144334
1 1.51016	0.000281495
2 2.68533	0.000640483
3 3.72909	0.00122828
4 4.77372	0.00225211
5 5.84413	0.00403023
6 6.87694	0.00702245
7 7.90156	0.0121439
8 8.86535	0.0208664
9 9.80577	0.0359174
10 10.8162	0.0604864
11 11.6611	0.103013
12 12.8399	0.139067
# new_prof_[38]
0 1.16927	0.000250215
1 1.33836	0.000439115
2 1.96242	0.000947196
3 2.43166	0.0017427
4 2.89512	0.00309891
5 3.3748	0.00545937
6 3.8209	0.00950839
7 4.26182	0.0166517
8 4.65082	0.029005
9 5.08816	0.0510285
10 5.45592	0.0882727
11 5.93972	0.1493
12 6.36631	0.293401
# new_prof_[39]
0 1.0183	0.00019326
1 0.969271	0.000283865
2 1.08822	0.000548455
3 1.15754	0.00093759
4 1.2214	0.0015873
5 1.28561	0.00270812
6 1.33962	0.00457089
7 1.39868	0.00779442
8 1.42763	0.0131309
9 1.45329	0.0216673
10 1.56838	0.0375032
11 1.50362	0.0650066
12 1.62772	0.10213
# new_prof_[40]
0 1.02954	0.000237758
1 0.94605	0.000347182
2 1.04555	0.000670915
3 1.09387	0.00114465
4 1.13918	0.00193713
5 1.19193	0.00329609
6 1.23208	0.00557878
7 1.28068	0.00943357
8 1.30246	0.0156931
9 1.29517	0.0263055
10 1.3521	0.0443971
11 1.37893	0.0766844
12 1.63679	0.130331
# new_prof_[41]
0 1.00669	0.000239702
1 0.993001	0.000359349
2 1.13187	0.000702668
3 1.22273	0.00121276
4 1.30559	0.00206483
5 1.38153	0.00354821
6 1.44975	0.00600024
7 1.51954	0.0102295
8 1.55584	0.0175385
9 1.61526	0.0287698
10 1.78997	0.0524561
11 1.63132	0.0864923
12 1.61829	0.121502
# new_prof_[42]
0 0.963308	0.000169944
1 0.996556	0.00025905
2 0.954914	0.000474305
3 0.932233	0.000785876
4 0.912553	0.00129392
5 0.901923	0.00215182
6 0.875968	0.00352908
7 0.851261	0.00575432
8 0.841238	0.00968572
9 0.852513	0.0162228
10 0.827651	0.0275911
11 0.811505	0.0464541
12 0.865243	0.0736975
# new_prof_[43]
0 0.992131	0.000228449
1 0.948892	0.000341843
2 0.950642	0.000631484
3 0.938774	0.00104821
4 0.929402	0.00173091
5 0.925723	0.0028788
6 0.910977	0.00473784
7 0.888331	0.00778789
8 0.885694	0.0131232
9 0.880469	0.0217778
10 0.85819	0.0358071
11 0.845518	0.0611585
12 0.806438	0.0925186
# new_prof_[44]
0 0.932543	0.000235382
1 1.04743	0.000370214
2 0.959473	0.000665765
3 0.925252	0.00109778
4 0.894569	0.00179403
5 0.87652	0.00296282
6 0.838601	0.00483248
7 0.811693	0.00790925
8 0.793787	0.0130479
9 0.822675	0.0223127
10 0.795056	0.036774
11 0.775202	0.064109
12 0.928009	0.101251
# END LOOP
